-0.318694, -0.56525433
-0.9523115, -0.5053191
-0.121364355, -0.50742936
0.46783674, 0.012514472
0.6992214, -0.54736876
-0.7700379, 0.036987066
0.97883296, 0.39484167
-0.3781389, 0.98376834
-0.47055435, 0.6810206
0.43397403, -0.011349201
0.23851609, -0.6942154
0.7466757, -0.5450921
-0.24032056, 0.49084866
0.2883215, -0.028273344
0.19961858, -0.61526704
0.031345487, -0.17647803
-0.845068, 0.6437558
0.9753674, 0.81885004
0.06169474, -0.061299443
-0.3116312, -0.27643657
-0.26055682, 0.94723177
-0.5694195, 0.90645766
-0.20281231, 0.8288543
-0.9819646, -0.35106337
-0.81536853, -0.5079787
0.09730458, -0.7836584
0.4862038, 0.8882333
0.4595182, 0.55203295
-0.15580893, 0.123220444
-0.663617, 0.1817522
0.8418045, 0.15937185
-0.63417864, -0.5177847
-0.13464403, 0.37656927
0.81858146, 0.28246367
0.8909607, -0.87819326
-0.37552905, -0.7312925
-0.79426444, -0.24597466
0.26876557, 0.823926
0.08296263, 0.50328124
0.44310284, -0.2457025
0.09802222, 0.9177815
-0.21569324, 0.3688209
0.71621275, 0.7547852
0.6288636, -0.8492838
0.5302557, -0.8505323
0.6162051, -0.11494744
0.5059744, 0.81839633
-0.48718917, 0.71350634
0.64722526, 0.25135612
0.7799343, -0.16760182
0.35978675, -0.57177806
0.30526197, 0.12365043
-0.3710227, -0.041033864
0.15402675, -0.869246
0.9838973, 0.85856044
0.1153059, 0.7151778
0.56528974, 0.8895458
0.82793736, -0.76389134
0.81320715, 0.7697376
-0.8725406, -0.9975741
-0.87963843, 0.068480134
0.37673426, 0.3960848
-0.061141253, 0.60089505
-0.49928474, -0.1624167
0.36986148, -0.8442391
0.46868622, -0.43491066
0.20174408, 0.8203409
0.4399929, 0.96859455
-0.9071356, 0.6372248
0.75282645, 0.42981684
0.42684388, 0.26789606
-0.4127295, 0.76945984
0.014100909, 0.45034885
0.32709348, -0.47094476
-0.107544065, 0.810004
0.38944232, 0.47941935
0.01733017, 0.7819685
0.25366092, 0.5474417
0.56000733, -0.42280853
0.42220855, -0.58554256
0.18854213, 0.105362535
0.566587, -0.47897303
-0.6657139, -0.8351941
0.7840748, 0.30402446
-0.30191827, 0.91672575
0.007928014, 0.91320074
-0.31942832, -0.648227
-0.37820053, 0.15781927
-0.006320119, -0.9138688
0.33197606, 0.3027419
-0.70572114, 0.1284554
-0.3916042, -0.118067145
0.5517688, 0.2556584
-0.5667014, -0.22854447
-0.79962397, -0.8764863
-0.23293853, -0.7593944
0.52234507, 0.2974453
0.7827704, 0.98706245
-0.3460245, 0.8810059
0.41916966, 0.69930387
0.0030384064, 0.48699737
0.6968061, 0.4477129
-0.4798646, 0.86278355
0.23172843, 0.18677354
0.39093447, -0.24783242
-0.18148363, -0.6123053
0.43005395, -0.46242404
0.34947312, 0.8781842
-0.71391225, 0.1257968
0.8555267, -0.5603857
0.9424758, -0.5330224
0.41902924, -0.27157354
-0.24144542, -0.6399157
-0.9022877, 0.30652785
-0.8167263, 0.9098867
0.94734263, -0.32591665
0.44116497, 0.55333483
-0.47087967, -0.5817952
0.9928051, -0.85923386
-0.116155505, -0.82545567
-0.1268568, 0.5948076
0.45186472, -0.17109025
0.47978902, -0.5865704
0.57558036, -0.9228126
-0.2049222, -0.74902916
0.45579386, -0.54020846
-0.93791604, -0.69911766
-0.6831989, 0.6685082
-0.31636858, 0.79654205
-0.70375, 0.19716823
-0.43110693, -0.9969245
-0.40072227, 0.21252239
0.7147734, 0.23627484
-0.21674955, -0.671293
-0.21444118, 0.1382575
0.8668672, 0.27973127
-0.44279313, 0.36852884
-0.8610586, 0.33269238
0.94125473, 0.51994014
0.08762348, 0.7343806
0.92305243, 0.20923877
0.4461856, -0.86871314
-0.9284818, 0.4703182
0.7790123, 0.37470877
0.6407441, -0.3750223
-0.21033442, -0.4231137
0.93171144, -0.6676842
0.2565552, -0.08967745
0.1654793, -0.5836164
0.48189485, 0.16137707
-0.8058623, -0.98374355
-0.17650831, 0.21279943
0.90546036, 0.54830265
0.3700509, 0.72130704
0.030680299, 0.6534835
0.37881768, 0.5900655
0.5175507, 0.7405746
-0.36444676, -0.742319
-0.13552725, 0.7280867
-0.50668037, 0.21204996
-0.5861368, -0.7865305
0.7268301, 0.89729965
-0.9317509, 0.4192171
-0.6120075, -0.24542642
0.121186614, -0.9756433
-0.89326906, -0.50673985
0.6936641, 0.31030083
0.4464947, -0.16962194
0.84804904, -0.8627275
-0.65044165, -0.60455847
-0.06498802, 0.107792616
-0.09694171, -0.15934026
-0.3603964, -0.86537635
-0.21129382, 0.51750124
0.9624176, -0.4390657
0.1695373, -0.49257815
0.83841825, 0.31034875
0.3944118, -0.0148899555
0.003708601, 0.38531494
-0.099953294, -0.46358728
-0.7803644, -0.22356832
0.85213864, 0.37086082
-0.8891789, -0.3331436
-0.66109645, -0.38762724
-0.86813366, -0.8302554
0.91562724, -0.19551742
-0.084266305, 0.9591744
-0.24264479, -0.75723743
0.25056267, 0.56377184
-0.97533405, -0.9072988
0.86256003, 0.086096644
0.85683787, -0.15689862
0.13851666, -0.73015285
-0.09385431, -0.608714
0.89657605, 0.5224452
-0.09872019, 0.89649534
0.70851195, 0.35511303
-0.5820147, 0.94252944
-0.6024041, 0.15001881
0.038226366, -0.9781102
0.89605427, 0.90949106
-0.75097775, 0.92460406
0.26425064, -0.82796025
0.77832973, 0.3500316
-0.62450886, -0.6384729
-0.74601674, 0.55495214
-0.5126319, 0.018157482
0.92501366, -0.26691687
0.9907259, 0.47305632
-0.81883395, 0.24805725
0.2947868, 0.18342948
-0.6191131, -0.99672115
0.72211957, 0.03521037
0.3414749, 0.84865904
0.0065841675, 0.11852741
0.20474589, 0.7479725
-0.5259335, 0.74336576
-0.6290287, 0.744668
0.108834624, 0.52474606
-0.9472269, -0.11712706
0.74311733, 0.24621272
0.6551175, -0.9902533
-0.26434255, 0.70621884
0.70980203, 0.6822218
0.31441712, -0.055800676
-0.78859806, -0.3662784
0.7434516, -0.006925702
-0.19871378, -0.13588142
0.5346155, 0.75518763
-0.13194227, -0.63030386
-0.13214147, -0.32690775
0.97387576, 0.831151
0.4222939, -0.22976756
-0.5699065, -0.240062
0.07313275, -0.6442486
0.8422687, 0.23094368
0.902351, -0.51002574
0.18987846, 0.4983158
-0.86476004, -0.75861645
-0.17772794, -0.3718115
0.7886728, -0.8377844
-0.38196588, 0.4452647
0.74414635, 0.37948155
-0.39522815, 0.2691772
-0.21019304, -0.3661735
0.36140418, 0.33196318
-0.032601714, 0.67403305
-0.52742183, -0.3281957
-0.22474778, -0.9147948
0.7783866, -0.52639496
0.78623784, -0.86991763
-0.07812452, -0.9115331
0.8153621, -0.9669018
-0.84206927, -0.34264278
0.5971354, 0.6345508
-0.87772536, 0.7662381
0.09575498, 0.06765795
0.49701524, 0.7787926
-0.9342356, 0.4256723
0.6342294, -0.631855
-0.29248834, 0.932201
-0.74756014, 0.7712939
0.5270821, -0.67076933
-0.5001544, 0.92133355
-0.47266698, 0.7592026
0.8362789, 0.90612614
0.24432242, -0.1738863
0.33287513, -0.7776412
-0.07277858, 0.5436431
0.7903609, 0.6365777
-0.7286546, -0.93547535
-0.6440455, -0.2432096
-0.1088624, 0.26490128
-0.44634712, -0.18222427
0.40693104, 0.04152286
0.46791375, 0.87977433
-0.7335205, 0.46096528
0.52744424, 0.35448122
0.78624344, 0.35239184
-0.62875605, -0.74385
-0.6588837, -0.48618782
-0.25325704, 0.112374544
-0.97616637, -0.8573396
-0.45041943, -0.6268307
-0.28789532, 0.4223838
0.88230646, -0.7259538
0.5041895, -0.8035667
-0.5426749, -0.6841773
-0.49989927, -0.5803342
-0.47374642, -0.7708936
-0.5900198, 0.45601332
-0.3317107, 0.93422544
-0.63612187, -0.56704617
-0.24478877, 0.558537
0.3847878, -0.30837476
-0.07248175, 0.034473777
-0.51775384, 0.09146953
-0.18152821, -0.293396
0.34625232, 0.5263827
-0.9397917, -0.71116626
-0.30394197, 0.75306726
0.464648, -0.4706391
-0.10279572, 0.5704633
-0.48609447, -0.8119241
-0.65911305, -0.14814973
0.89883125, -0.93303156
0.026494503, 0.029788375
0.9449326, 0.5482249
-0.04865992, 0.76109374
-0.34672832, 0.60776556
-0.65212667, 0.828331
-0.29273844, -0.1640544
-0.019131184, -0.67905116
0.75811744, -0.604776
-0.0055868626, -0.98049664
-0.63818824, -0.108762026
0.95632756, -0.80201805
-0.4852364, -0.82537174
0.4676051, 0.060903788
-0.6035795, -0.49692822
-0.92557883, 0.3236797
0.90287685, -0.8154808
-0.7655932, 0.388031
-0.76850176, -0.2669623
-0.8524277, 0.80163
-0.80682015, -0.8313519
-0.32784653, -0.353598
0.28364575, 0.88405144
-0.9803673, -0.12183404
-0.3084072, 0.5173882
-0.91961145, -0.07216287
0.36927807, -0.42440367
0.09724951, 0.83883905
0.7063457, -0.25674593
-0.08969045, -0.59449494
0.052562356, 0.5139445
-0.51940846, 0.023164868
-0.19180918, -0.846616
0.10666525, -0.12635136
-0.323254, 0.23524976
-0.67247105, -0.45733678
-0.75513864, 0.80254126
-0.48641837, 0.8717387
0.76521504, 0.35135925
-0.45174778, 0.7422942
0.97443485, -0.4066043
0.66493404, -0.6908665
0.2383877, -0.35735893
0.70270455, 0.9629661
0.19828033, -0.26345205
0.96152425, 0.8051491
0.46481586, -0.28091705
-0.9389055, -0.25712633
-0.4972217, -0.30903625
-0.7685399, -0.6792284
0.54963183, -0.089634895
-0.811854, 0.23799944
-0.23997664, 0.17618668
0.97677946, -0.9179249
0.46074164, -0.45243216
-0.8753674, -0.6528076
0.79123104, -0.11909604
-0.7715032, -0.7182685
-0.39706492, -0.13637519
-0.7348665, -0.20518672
0.46258938, 0.08813965
-0.13610673, -0.4061681
-0.72765446, -0.6334133
0.36884117, -0.74598384
-0.6381936, 0.59555423
-0.51598704, -0.851436
0.058460236, -0.27078617
0.7906389, -0.513687
-0.5053719, -0.9699658
0.5059669, -0.7128818
0.70814455, -0.009630561
-0.017441988, 0.42814612
-0.45589173, -0.06104493
-0.006213665, -0.84647393
0.2259134, -0.82186425
0.5911161, 0.17277277
0.15143442, 0.8862078
-0.066789865, 0.9789593
0.056945086, -0.6584661
-0.9360734, -0.12415838
0.4056244, 0.18927836
-0.8500706, 0.7753471
0.08409965, 0.4171741
0.57936203, 0.75562143
-0.72957146, 0.904377
0.8774544, 0.07899964
0.8674704, -0.64087665
0.32594216, 0.5639204
-0.9697161, 0.19981396
-0.90009224, -0.6287507
-0.93523884, 0.5247251
-0.31648803, -0.8286904
0.0031841993, 0.35352194
-0.7733085, -0.14804506
-0.70695007, 0.43606198
0.6961614, -0.75965273
0.7468463, -0.73116946
0.40011334, -0.6469636
-0.17273939, -0.273795
-0.6227689, 0.35307336
-0.22443342, 0.62329924
-0.20630133, 0.35303998
-0.52206326, 0.33134317
-0.15035892, -0.58587456
-0.5913203, 0.54861903
-0.3719424, -0.7099385
0.7506709, 0.80434644
-0.89983547, 0.66840553
-0.2124561, -0.91470397
-0.6871865, 0.6691804
-0.038188457, -0.99773943
0.21416605, -0.7476988
-0.67350423, 0.5640342
0.11724365, 0.82188845
0.36983562, -0.66030693
0.3577088, 0.84004796
0.90423334, -0.46356356
0.078920245, 0.5988251
-0.42096138, -0.6980039
0.48682928, 0.6518955
0.95559824, -0.089154124
0.47878242, -0.23654342
-0.5180391, 0.976609
0.7891669, -0.14168406
-0.7102536, 0.54485524
0.1427108, 0.4031682
-0.17076504, -0.012122989
-0.79897213, 0.24457598
0.9392135, 0.70421135
0.07381439, 0.2855636
-0.8496977, 0.4101113
-0.0066492558, 0.89256847
-0.36460745, -0.48145175
0.4762832, -0.2384044
-0.8042841, -0.0143857
-0.6170635, -0.40812135
-0.39053905, 0.8475833
-0.8992009, -0.44652092
-0.66849065, -0.7111578
-0.59930944, 0.70963764
0.3338077, 0.81711495
0.023137927, -0.43583274
-0.6116216, -0.6451653
-0.16348004, 0.32879627
-0.4524722, -0.30763578
-0.5382638, 0.7064984
-0.64681125, 0.7294898
0.98091686, 0.6070266
-0.5494337, 0.72690356
0.04663837, 0.6739483
-0.012414336, 0.9012197
-0.90385056, 0.51354086
-0.6953895, 0.15862107
-0.92862153, 0.561254
-0.03174901, 0.63797295
0.07537615, -0.63130844
0.8448429, 0.6198721
-0.3090067, 0.292001
0.4656155, 0.8805634
0.58588314, 0.9412979
0.8851861, 0.8871707
0.7735015, 0.9215921
-0.78739893, 0.5326998
0.14304245, -0.74878
0.2906829, 0.116478205
-0.83117163, -0.9421495
-0.9377657, -0.25993907
0.024474263, 0.67978096
0.09417367, 0.49335134
-0.4717089, 0.8778297
0.79273605, -0.9347843
-0.29071224, 0.5082154
-0.049553633, 0.57290924
-0.5105945, 0.51823723
0.49095976, 0.34214234
0.61516976, -0.4155997
-0.6504488, 0.49279046
0.034911156, -0.021795034
0.22981381, -0.06645012
0.3064741, 0.46070325
0.051987886, -0.28703427
0.14155519, -0.9030334
0.95257425, -0.38383806
0.059361458, 0.05085957
-0.9380119, -0.030518055
-0.54668474, 0.6553314
0.48675203, 0.3835752
0.6954286, -0.37862945
-0.87886703, 0.7249112
0.6453824, -0.8013284
-0.5675479, 0.083256125
-0.066848636, 0.76299036
0.18305779, -0.44351423
0.38936377, 0.7904695
-0.6950767, 0.9936943
-0.8431339, -0.11955035
0.6210166, -0.3564005
0.38681018, 0.5792972
0.7582624, 0.19968438
0.4658953, -0.3063606
-0.9764092, 0.7995621
-0.19269156, -0.20157051
0.97700727, -0.061838984
0.14181936, 0.26106095
0.3498428, -0.6618062
-0.35097766, -0.38387728
0.39461064, 0.9639623
0.25978673, 0.11641979
-0.056267142, -0.52594733
0.033708453, 0.115914226
-0.21743798, -0.5756453
0.070141196, 0.2518263
-0.5513693, 0.9257883
-0.74513257, 0.6101309
-0.54881907, 0.73310196
0.9895426, -0.11386132
0.016269445, -0.07467902
0.5168396, 0.47611928
0.81287813, 0.49931502
-0.43385994, -0.7754357
0.37050796, -0.068754315
0.73428845, -0.24645984
0.88094234, 0.693272
-0.37874556, 0.74571455
0.2647785, 0.0030658245
-0.49434125, -0.14760113
0.41167736, 0.9208534
-0.0795877, 0.9448824
-0.33688474, -0.98643625
-0.5691619, 0.8953084
0.3449806, -0.06981301
-0.8105328, 0.9173964
0.57817626, 0.6598183
-0.6876137, -0.5461874
0.9582181, -0.71144843
0.066933036, 0.6834761
-0.084317684, -0.420918
-0.5386555, 0.73742473
-0.27948165, -0.4554566
-0.32845283, 0.73609674
-0.09678376, 0.78393614
-0.67723, 0.6553638
-0.78062856, -0.87004006
0.86446774, 0.9359487
-0.27765965, -0.89815855
-0.057211637, -0.40520108
-0.2713132, -0.24219036
0.9984044, -0.4173485
-0.18349552, 0.33740807
-0.58190835, -0.7542567
-0.0027713776, -0.8626903
-0.028630853, 0.25896537
-0.9867674, -0.5285889
0.4004544, 0.35156178
0.6586107, 0.45368683
0.74062777, 0.87481916
0.077595115, -0.63122034
0.97297883, 0.8753905
-0.7011961, 0.25004923
-0.89718163, 0.23055029
-0.3950162, 0.18849242
-0.22858, 0.74659
0.6643685, 0.100550056
-0.4909004, 0.37383235
-0.7352735, 0.9715142
-0.906914, -0.9123157
-0.24560606, 0.7785183
-0.040423274, 0.04234445
-0.67790616, 0.72861373
-0.082556725, 0.6210661
-0.38860762, 0.50018334
-0.39085102, -0.43568766
0.09476173, 0.7581004
0.25670505, -0.18392432
-0.48884237, -0.73592675
-0.38269246, 0.73163176
0.5408164, 0.8942294
-0.9386873, 0.26088834
0.9488683, -0.6918776
0.9873085, 0.3653612
-0.47110415, -0.07978082
0.024369955, 0.7299769
0.3284775, -0.72902644
0.66553235, -0.43905032
0.5070852, 0.47553384
-0.9392785, 0.46674013
0.5846995, 0.7709147
-0.9902648, -0.06935644
0.26569235, -0.5547159
-0.019483566, 0.3122164
-0.89833367, 0.8053447
-0.11471653, -0.44690537
-0.7199491, 0.040304184
0.93372905, -0.5153655
0.2395966, -0.37438798
-0.8886399, 0.795269
0.72301054, -0.4403355
-0.4287399, 0.050874114
-0.45941925, -0.44347167
-0.2454853, -0.31066453
-0.3472097, -0.82691646
-0.4501288, 0.42974412
-0.7431443, -0.39319324
-0.14517355, 0.12728965
-0.88961196, 0.9689065
-0.9976444, -0.3716905
-0.77029526, -0.3438673
-0.42966592, -0.22135222
-0.098248005, 0.98401797
0.90098274, -0.66367054
-0.6556126, 0.50652444
0.43828213, 0.34162402
-0.30656075, 0.9652643
-0.13860238, -0.5098057
-0.20373487, 0.15009546
-0.5228797, 0.5057807
0.7164985, 0.20765889
-0.1342051, 0.46657944
-0.7744403, 0.23228514
-0.80891466, -0.16577935
-0.14816737, -0.027148008
0.62832963, -0.3226378
0.4129418, -0.12092769
-0.8104155, -0.33403027
0.16130984, 0.712044
0.8823683, 0.011173844
0.67541647, 0.80864704
0.09648931, -0.9057274
-0.9675895, 0.6007314
0.7383188, 0.3032893
-0.6382644, -0.037537813
-0.30015755, 0.09410715
-0.97979045, 0.7383691
0.44242716, -0.18561614
-0.08116531, -0.23245704
0.8803662, -0.04770279
-0.80098784, -0.22575402
-0.6389376, -0.43998432
0.8855555, -0.41861534
0.75755656, -0.7038163
-0.62302446, 0.6915629
0.82165384, -0.7434807
0.8671826, 0.87272394
0.70503366, 0.22189212
0.88056374, -0.9850848
-0.439412, -0.36467636
-0.945912, -0.74408233
-0.5877875, -0.70918834
-0.21829975, 0.8020781
0.96000874, -0.073461056
-0.8299589, 0.6236217
0.007246852, 0.49298012
-0.58100235, 0.43920004
0.9996084, -0.5760188
0.8705113, 0.31191194
-0.59340835, -0.33135438
0.8554592, 0.4792105
0.90613663, 0.21763289
0.5585512, -0.5160576
-0.4805826, 0.3343569
0.5185629, 0.5464535
0.8524945, -0.5841327
-0.6543827, -0.26730716
-0.28949714, -0.6224909
-0.31534576, -0.32374132
0.7399225, -0.52140856
-0.5430496, -0.7196957
0.013122797, -0.3366481
0.6980902, 0.3663683
-0.90906954, 0.64378846
-0.23409784, 0.09096217
0.9838352, -0.7589563
-0.14340925, -0.9121622
-0.61274004, -0.1462264
0.33885968, 0.7162322
0.8039684, -0.45958352
0.74777293, -0.9637656
0.8063098, 0.073800325
0.88218987, 0.75621295
-0.74200606, -0.28131068
0.48785365, 0.49965858
-0.7589072, 0.4444853
0.80488336, -0.55317974
-0.44313586, -0.8535484
0.7920282, 0.3783176
0.732939, -0.6791531
-0.75464904, -0.9270309
0.62478423, 0.9148116
0.09704304, -0.8889158
-0.9972056, 0.9245819
-0.14191353, -0.34062278
0.43077862, 0.20068634
0.059998512, 0.5476738
-0.36389136, 0.07252979
-0.5843228, 0.7051629
-0.7781981, 0.3447858
-0.32656658, 0.15077972
-0.34205353, 0.24310732
-0.6460911, 0.6053643
0.10203445, 0.5769218
0.965258, -0.67929053
0.7290945, 0.10381913
-0.7275231, 0.8419627
-0.69660294, 0.46585286
-0.20688248, 0.6057625
-0.9994205, 0.5467808
-0.8989183, 0.028940558
-0.29479587, -0.6240492
-0.40371478, 0.09480238
0.7831528, 0.26551998
0.1504525, 0.46036375
0.68627024, 0.48055685
-0.8658017, -0.6158298
0.6199373, 0.9551455
0.5901066, 0.93742657
-0.76932704, 0.21196783
-0.78073454, 0.16929436
-0.9054289, -0.6706934
0.029422164, 0.33985305
-0.64123416, -0.5794209
0.24259198, -0.26794374
-0.23617065, 0.32119048
0.82586086, 0.6590003
-0.5820719, -0.0292207
-0.1052165, -0.6218324
-0.027163625, 0.07213473
0.50394976, 0.024463534
-0.45707643, 0.018779635
0.9000025, 0.22452712
0.9926318, 0.6102588
0.2408917, -0.36706424
0.68363833, 0.79762995
-0.19002819, -0.3552804
0.9139848, 0.48284876
0.75944304, -0.5724733
-0.0016485453, -0.6227404
-0.0543679, -0.84846914
-0.96199954, -0.9699453
-0.83403957, -0.12230039
-0.87641346, -0.42754602
0.42767465, 0.52854645
-0.8768058, 0.47379172
0.28128552, -0.72556067
-0.14301682, 0.93925655
0.90319073, -0.3813858
0.7803587, -0.45543933
-0.16559827, -0.41778505
0.12751603, -0.36963236
0.054190874, 0.33514845
-0.4493178, 0.9802338
0.5235623, -0.9212451
-0.22221935, 0.7726847
-0.7352364, -0.8170444
0.7592217, 0.90468
-0.60314333, 0.7656082
0.6459563, -0.014788985
0.9271598, 0.85847104
0.10497272, 0.8304304
0.26394296, -0.15308762
0.71044624, -0.3268659
-0.21689618, 0.3449906
-0.8695798, 0.82841384
-0.07705331, -0.54925096
-0.3519132, -0.18604326
-0.5748509, 0.326692
0.20759284, -0.7308779
-0.12871516, -0.7930845
-0.9427941, -0.9058602
0.6239085, 0.7159394
-0.5157132, 0.46338773
-0.13355374, 0.2968967
0.80970514, 0.45979333
-0.49948883, -0.37843192
-0.64673686, 0.51729107
0.2125181, -0.84372497
-0.4782735, -0.5874661
-0.27035534, 0.18155158
0.43886566, -0.23546124
-0.029478908, 0.13676596
-0.029641151, -0.288301
-0.06293237, -0.65834546
0.8396437, -0.7490176
0.42537546, -0.8754742
-0.5657717, -0.4633063
-0.7535168, 0.882378
-0.57779, 0.9197773
-0.9104098, -0.63667643
0.39870548, -0.38168323
0.53418577, -0.22029138
0.33069777, 0.38200784
-0.7164706, -0.4543687
0.841858, -0.634503
0.3659079, 0.33088374
-0.44217157, -0.54356635
-0.09562135, 0.6116296
-0.5948378, -0.40605617
0.81880844, 0.38459015
-0.58226347, -0.9766599
-0.6193011, -0.36441064
-0.8466184, -0.8942013
-0.56744134, 0.4857149
-0.93265665, -0.838696
-0.99328065, 0.6810343
0.34090889, -0.925552
-0.61299837, -0.22202802
0.8422073, -0.97798693
-0.13971126, -0.42945087
-0.3727386, -0.04376018
0.66987216, 0.10343051
-0.89557576, -0.5528923
0.33066952, 0.14304507
0.522305, 0.48092282
0.47658062, -0.103827596
0.54428685, 0.9423387
-0.08287704, -0.23924541
-0.50782, -0.83479726
-0.62491584, 0.18801343
0.434057, 0.29816723
-0.59349716, -0.41982663
0.11978507, -0.25110483
0.8723769, 0.32742167
0.20134282, 0.8822546
-0.20216382, 0.4156251
-0.010927796, 0.9707234
-0.0648464, 0.85847163
-0.12878656, 0.4281261
0.41414, -0.09892297
-0.44970667, 0.18089664
0.7457111, -0.5851234
0.42032647, 0.0056130886
0.526484, -0.9047141
-0.8762715, -0.56982493
-0.4848274, 0.4548427
-0.107017994, 0.7825128
0.5125797, 0.6773081
-0.58767843, -0.11978841
0.52963054, -0.8043065
-0.751842, -0.8267741
0.08193624, 0.44386196
0.41903234, -0.35246563
0.77082384, 0.20291471
-0.6617762, 0.018968463
0.42189455, 0.9469801
-0.4973879, -0.47638524
0.4314772, -0.2535256
-0.83583224, -0.44452453
0.2536143, 0.799847
-0.54410577, 0.40604317
-0.5635512, 0.25797474
-0.39118493, -0.9020536
0.7343514, -0.5693337
-0.046412706, -0.2690891
-0.31565344, -0.9946034
0.21865559, 0.6093075
0.90213656, 0.8788589
0.49194336, -0.28592122
-0.8597114, -0.552101
-0.71346176, 0.61669874
-0.06877887, -0.3951577
0.030570269, -0.21091247
-0.86099887, 0.64134073
-0.5183691, -0.6975858
0.85143256, 0.22409773
-0.052957892, -0.7279563
0.29846013, -0.4641049
0.57968676, -0.980639
0.5818386, -0.42181516
0.62785757, -0.011104226
-0.7021998, -0.95967305
-0.53420436, 0.9674232
-0.86110985, -0.38018632
0.04468274, 0.3680892
0.43922997, -0.6767881
-0.48655748, 0.3159485
0.7014773, -0.78396
-0.9972931, 0.33166993
0.39220822, 0.97957397
0.6878334, 0.6689044
0.85009706, 0.16310251
0.39833176, 0.21048427
-0.19085073, 0.4121256
0.27809143, 0.44307566
-0.25540113, -0.5416281
0.78630257, 0.8641983
-0.39455378, 0.059492946
0.032066107, 0.4660058
0.2647394, 0.18933737
-0.16821766, 0.20444238
0.6126106, 0.9495182
0.6491376, -0.100788
-0.7899587, -0.72349346
0.81076074, -0.60054064
-0.95815396, 0.4639274
-0.91945803, 0.45353198
0.5402205, -0.25344872
-0.7774221, 0.18121898
0.7363905, 0.17135918
-0.10662007, 0.787287
0.33470833, 0.21398103
0.7912375, 0.8810334
0.54447126, -0.8810462
-0.92638385, -0.035722136
-0.34043813, 0.81408215
0.65757, -0.9127084
-0.6892594, -0.9315984
-0.92498696, 0.8974546
-0.14767718, 0.9568124
0.40220177, -0.8509953
-0.037431955, -0.17944598
-0.33491278, -0.18457055
0.8701483, -0.039206624
0.6896721, -0.858564
-0.041412592, 0.9934083
0.17581463, -0.037166357
-0.70619524, 0.87849796
0.7869357, 0.3651644
-0.029593468, -0.59852886
-0.8640479, 0.98184407
0.3398807, 0.63818145
-0.01512754, 0.96751
0.08440709, 0.530218
0.9434835, -0.2789675
-0.19416094, 0.0050587654
0.039325356, -0.14467168
-0.9609226, 0.50756407
0.2308408, -0.4209758
-0.74270153, 0.803684
0.14856803, -0.2892424
-0.9456663, -0.55503523
0.8821875, -0.08572698
0.9641936, -0.65455973
0.69700384, 0.6265812
0.66280437, 0.053970933
0.28119564, 0.5385951
0.10223472, 0.06950152
-0.97971797, 0.6454469
0.61906624, -0.9602368
0.2993878, 0.86092615
0.5583509, 0.032582283
-0.21509063, 0.3172605
-0.55866444, 0.93139434
0.7792547, 0.8591001
-0.6864351, -0.9277575
0.22582853, -0.71834743
-0.56886387, 0.7291726
0.8229995, -0.26872993
0.8240162, 0.220469
0.44832063, -0.16250849
-0.88002264, -0.96717894
0.066904664, -0.18507409
-0.91938615, 0.25870752
-0.72401524, -0.5210029
0.008097053, -0.84024906
0.30295062, 0.16028559
-0.8999368, -0.81752586
0.7144331, -0.54191315
0.18883157, 0.17099011
-0.69653654, 0.006170392
-0.5152178, -0.21687639
-0.99926424, -0.4248382
0.9932004, 0.6930131
-0.48879564, -0.66970086
-0.6135186, 0.55631244
-0.57846344, 0.60562325
-0.8572005, -0.04308164
0.37645662, -0.36773503
0.71795475, 0.71114016
-0.39184797, -0.9630182
0.06511891, 0.5721046
0.55430555, -0.843712
-0.22011328, -0.81909037
-0.145141, 0.12150693
0.0039149523, 0.20980024
0.91944885, 0.87216437
-0.3957461, 0.22590137
-0.8430363, 0.64193535
-0.6517205, 0.5925031
-0.5874871, 0.70665824
-0.7368418, 0.47050405
0.12813723, 0.242841
-0.79243064, -0.03140974
0.10099423, -0.24608326
-0.8482996, 0.031505585
0.7318938, -0.30215752
-0.32462943, -0.40293837
-0.4804176, -0.507691
-0.17423701, -0.22870779
-0.15002275, 0.0629071
-0.5458096, -0.32441604
-0.65123343, -0.60357463
0.36034286, -0.35083497
-0.8891876, 0.3085829
0.5535835, -0.38429546
-0.202739, -0.24320436
0.3913324, -0.35406923
-0.8859314, 0.7290739
0.6279372, -0.39769232
0.6729336, -0.99378383
0.013421297, 0.80137837
0.21277475, -0.8063524
-0.81384766, 0.97008955
-0.9414443, 0.4004041
-0.47094858, -0.46879208
0.35231197, -0.8640554
0.38397563, 0.088030696
-0.24716389, -0.48797798
0.6781237, -0.4205718
-0.8839942, 0.06933606
0.40075374, 0.16354787
-0.80616033, -0.32905126
0.42542446, 0.7141954
0.08992565, -0.6284437
-0.49410653, -0.3387885
-0.5489644, -0.7800033
-0.35749972, -0.41048372
0.93489313, 0.09941101
-0.16366982, 0.8766153
0.053856373, 0.2541057
0.09297907, 0.072194695
0.14159095, -0.3255558
-0.36517859, -0.3858081
-0.081207395, -0.6276281
0.015098333, -0.22715056
-0.65494823, 0.42302382
-0.76010215, 0.8884667
-0.5563122, 0.89609635
-0.70752907, 0.5217905
0.28770173, -0.8406187
-0.52818036, 0.101450086
-0.042961597, -0.0076310635
-0.28612185, -0.9050125
0.045521736, -0.7322767
-0.77509713, 0.24456644
0.14174521, -0.80847
0.14515269, 0.62232196
0.9697771, -0.93039167
0.055093765, -0.6682739
0.7969017, 0.8981775
0.570974, 0.79976654
0.9471637, 0.6553596
-0.65731215, 0.49084628
0.3578477, 0.6692221
0.9116677, 0.27908587
-0.9558971, -0.18663418
0.21360254, -0.07566869
-0.036145926, -0.7311858
0.27986324, -0.5768895
-0.6236887, 0.20869625
-0.18136895, -0.7052746
0.5444498, -0.19120252
-0.08586633, -0.008415937
0.13266277, -0.45746124
-0.20138085, 0.9999558
-0.61046386, -0.35532558
0.41150331, 0.26204205
-0.9172536, 0.06654239
-0.1954788, -0.7267171
-0.024918199, -0.8791081
-0.922024, -0.40787292
-0.38957798, 0.53122973
0.7948102, -0.92371535
0.43532622, 0.74558806
0.22600305, -0.5057931
0.34105706, -0.5847814
-0.5012703, 0.34889603
-0.9959369, 0.92376626
0.07007527, 0.9201062
0.7680265, 0.11207068
0.91239226, -0.6612631
0.99171555, -0.010806918
0.50638723, -0.3567773
0.93444264, -0.3558321
-0.014256239, -0.54734254
-0.57844603, 0.9491426
0.5097908, -0.6227522
-0.8110219, -0.57191396
0.7619312, -0.6433618
0.31755102, -0.9075612
0.14101851, -0.4148339
0.310027, -0.36647522
-0.85337806, -0.10411775
-0.18199468, -0.5899228
0.22942197, -0.19083858
0.88035214, -0.2420795
0.21334529, -0.18485868
-0.21679127, 0.63903165
0.6812401, 0.79151
-0.3052566, -0.8185452
0.49193525, -0.7699801
-0.6279285, -0.33631682
0.060671806, 0.6584939
0.1961155, 0.67224395
0.040675044, -0.6667938
0.18176067, -0.0043638945
0.6007997, 0.0038229227
-0.5391469, -0.9209231
0.26875615, 0.91527987
-0.023952961, -0.89848804
0.12367213, 0.83500266
0.09211087, 0.7791445
-0.54581857, 0.9379512
0.7721976, -0.5403576
-0.51638186, -0.9644557
-0.4698398, 0.8407819
0.6932576, -0.3817122
-0.88710964, -0.5995897
-0.9048631, 0.24786055
-0.24823189, 0.31632495
0.6213368, 0.26569045
-0.28123093, 0.021314383
0.86646605, 0.89614725
-0.8940151, -0.40224183
-0.3395146, 0.45908058
0.39889657, -0.23333704
0.43220222, -0.55449545
-0.8783946, -0.65208864
-0.22173083, 0.059966326
0.090505004, 0.6231301
0.96310925, -0.06699908
0.52195954, 0.16253841
-0.21713448, -0.9722439
-0.79391694, -0.69376636
0.0285182, 0.3083409
0.39558375, -0.17630911
-0.96677685, 0.036893487
0.08498001, -0.7008734
0.99648714, 0.18624663
0.4967059, 0.77237916
0.109009385, -0.50891185
-0.7216518, -0.8460829
0.27915442, 0.2396195
0.987376, 0.2585864
-0.53639984, -0.31187665
0.6403836, -0.92293704
-0.63451433, 0.6519985
0.58346117, -0.48071396
0.37437975, 0.60941994
0.7554686, -0.5057844
0.030880451, 0.79978883
-0.97038686, 0.29018474
0.60814047, 0.09174442
0.09995818, 0.026212335
0.3728671, 0.6491816
-0.8962885, 0.9744967
0.13537884, -0.015851974
0.518994, -0.89324963
0.39438605, 0.22964597
0.93917096, 0.8721285
-0.044191122, -0.69857144
0.09286833, -0.6664033
0.74092007, 0.9853208
-0.646103, -0.9847652
-0.3615774, -0.64389
0.27410543, -0.4309771
0.89500165, -0.19240773
-0.9124404, 0.36118388
0.5329472, 0.3841375
-0.7044376, -0.20852304
-0.35860884, -0.8834077
-0.6257491, 0.3615458
-0.22443783, 0.27518797
0.28149736, 0.74933624
0.9384823, 0.48630857
0.11547732, -0.74420035
-0.80974424, -0.32329834
0.23769069, -0.42109013
0.46626246, 0.99744976
-0.93116593, -0.16896987
0.97821593, -0.038559794
-0.8466536, 0.72269094
0.06841743, 0.7541609
0.93059254, 0.84396553
0.69116676, -0.6684172
0.8166412, 0.72018456
-0.93406534, 0.81513906
0.9658301, 0.81928253
-0.5994251, -0.32192683
0.6274301, -0.25753403
0.99183, -0.8333485
-0.07238436, -0.48181295
-0.7968285, 0.7221339
0.68475616, 0.1029526
-0.31861866, 0.30441213
-0.5928408, -0.9861468
-0.7557577, 0.4365679
0.7334566, 0.40069997
-0.15047431, -0.50677514
-0.53027725, -0.9846146
-0.7063358, -0.22233045
-0.8267083, -0.56113803
0.2968347, -0.16224527
-0.5435215, -0.15045881
0.57567215, -0.64572847
-0.7343296, 0.6097815
0.7077558, 0.9247438
0.17039621, -0.6604625
-0.9681349, -0.1813432
-0.08281684, -0.9504918
-0.36043382, -0.013561964
-0.68537354, 0.7128334
0.4879676, 0.48476684
-0.024206758, 0.5383649
-0.25224364, 0.28694665
0.014740348, -0.3751322
0.29838502, -0.037657738
-0.15532064, 0.86051667
0.5533242, 0.7477094
0.5315772, -0.59669745
-0.04139769, 0.44133365
0.40036523, -0.86567926
-0.87027466, -0.29480207
-0.14066088, 0.69740415
-0.096006155, -0.33087516
0.6959058, 0.48656583
0.97199225, 0.13343215
0.8039665, 0.8597735
-0.74537313, -0.3661877
0.73654854, 0.3675362
-0.9921987, -0.334154
-0.65028465, -0.4072901
-0.38084388, 0.49998903
-0.2655772, 0.79016626
0.2200284, 0.31548834
0.6472502, 0.6590755
-0.76307607, 0.43918395
-0.31954622, -0.17462444
0.6726054, -0.080500364
-0.20554471, 0.78760624
-0.2841046, 0.6553098
0.81583786, -0.20299304
0.8662497, 0.023257256
-0.26844, 0.29518723
0.41507256, 0.12617862
-0.35794485, 0.79361486
0.29790866, -0.82846427
-0.96493936, -0.59630394
-0.87645006, 0.36534226
-0.522462, 0.35068107
0.85752416, 0.38848102
-0.82968223, -0.25340867
0.10438597, 0.85422444
0.25075376, -0.5443375
-0.7320111, -0.9948485
-0.14940906, 0.14050126
-0.20001674, 0.7027081
0.21360016, -0.6103958
-0.84106755, -0.06716931
0.55067134, -0.6603508
0.5366849, -0.43295014
-0.43434668, -0.65712154
-0.43776202, -0.017727971
-0.063842416, 0.19602752
-0.5801896, 0.88719225
0.59894764, -0.77106166
0.62696123, 0.8934847
0.9948132, -0.5841911
-0.7236315, -0.89874816
0.9046104, -0.331195
-0.8264178, 0.36762846
-0.00566566, 0.93256855
0.98120403, -0.34683967
-0.5731901, -0.26966822
0.34229207, -0.41796696
0.04124689, 0.81045806
-0.20665455, 0.33014226
-0.29387856, 0.68012047
-0.96272063, 0.42131567
0.97854364, -0.45443833
0.4328419, 0.74991274
0.5235518, 0.74229014
0.12874663, -0.02798152
0.6350608, -0.34876502
0.5443883, -0.33681428
-0.6618916, -0.34287047
-0.5533458, -0.2948544
0.027484894, 0.49330747
-0.07744217, -0.85471666
0.4049331, 0.6939893
0.4849527, 0.21042883
-0.9837258, 0.48361075
-0.58552754, 0.7213397
-0.7323315, -0.3033979
0.43233407, -0.65189373
-0.87033665, 0.9453666
0.7692605, -0.99720025
0.43786085, -0.274657
-0.3447088, 0.248451
0.79531705, 0.23155403
0.86966455, -0.49138892
-0.4941548, -0.09022689
-0.91845083, -0.28376067
-0.9429145, -0.99255395
0.75968015, -0.99728537
0.67169845, 0.23613799
0.066689014, -0.713199
-0.9952949, 0.0010908842
-0.32688105, 0.9001411
-0.2585106, 0.16831636
-0.72594213, 0.43224967
-0.39281905, -0.019413948
0.87150776, -0.9227779
-0.9968085, 0.23704958
0.85781837, 0.2309407
0.41597486, 0.23457348
-0.48425066, 0.7671312
0.078267455, 0.03110385
-0.18873882, 0.19015944
-0.30798435, 0.41246307
-0.9755125, -0.86982965
-0.16092491, -0.6146512
-0.2727337, 0.85149634
0.9109396, -0.7765316
-0.5868664, 0.5589212
0.78888273, -0.015435576
-0.58493257, 0.3103168
-0.686144, 0.1986177
0.9610269, 0.81158495
0.9204248, 0.0881145
-0.17276394, -0.15481222
-0.80367124, -0.5125209
-0.77978134, -0.33746493
-0.9994296, -0.37054646
-0.42692864, 0.48007572
-0.03385055, -0.5085771
0.85788465, -0.082686305
-0.52718806, 0.5557637
-0.07065642, 0.49158478
0.650874, -0.9721875
0.115383744, -0.639997
0.7259306, -0.053154588
0.7066083, -0.37454438
0.49898148, -0.32539606
0.7705015, -0.5158942
-0.6536721, -0.8112891
0.5890707, -0.8990004
-0.40609586, 0.9624044
0.40542758, 0.703776
-0.846841, -0.7238364
-0.3617524, -0.6409044
-0.011926293, 0.16112196
0.51153445, 0.15043819
-0.6904607, 0.17996967
-0.46456122, -0.051169753
0.76451075, -0.44908404
-0.4969591, -0.86945724
0.60974157, -0.8619424
0.83528614, -0.050184727
-0.35361624, -0.7277647
0.065157294, 0.8534024
-0.83856404, 0.7165103
0.012463689, 0.8916675
-0.6996517, -0.8826884
-0.5716735, -0.86623704
0.11367178, 0.5349426
0.40580666, -0.74090576
0.31737053, -0.044451118
-0.8613092, -0.56803846
0.8254342, 0.6621835
0.2989565, 0.36047447
-0.9948698, 0.87783384
-0.3140707, 0.81522834
0.92625594, -0.13798773
0.3238603, -0.41021693
0.5889865, -0.40013385
0.953125, -0.79310596
0.089499116, 0.10502505
-0.8667693, 0.92615736
-0.80611634, -0.81781435
-0.13065934, 0.635965
-0.9794326, 0.061537027
0.86033916, -0.10764158
-0.93253887, -0.2953446
-0.12590647, 0.10773289
-0.8435533, 0.6517519
0.26927888, -0.8671669
0.9050261, -0.824267
0.8439361, -0.81321096
-0.12038696, -0.8467386
-0.30390072, -0.72596586
0.8499354, -0.33805752
0.98486745, -0.5829849
0.66848993, 0.85226333
-0.10901713, -0.20588803
-0.23167539, 0.39054072
-0.13968742, -0.7011725
-0.4617263, 0.77371347
0.69389653, 0.25604177
0.73501265, -0.59155774
0.20292556, -0.29784703
0.37008977, 0.63696086
-0.88908255, -0.5522957
-0.68219733, -0.72694576
-0.5505152, 0.31431842
0.28308177, -0.14276409
-0.19430041, 0.7243924
0.21028638, 0.2057432
0.041668057, 0.005240321
0.073174834, 0.14969575
0.28031147, 0.16366553
-0.96134484, 0.15623868
0.45150578, 0.83800113
-0.0761013, -0.908445
0.09194064, 0.019432425
-0.24409246, -0.6936451
0.6188333, 0.86110544
-0.9112084, 0.8591608
0.3367293, -0.59840953
-0.06276548, 0.6839886
0.029070854, 0.7894099
0.05155313, 0.28069746
0.3292669, -0.89049435
0.50325596, 0.763433
0.013181925, 0.2139237
0.7892473, -0.6684642
0.916034, 0.112071514
0.92317104, 0.1956209
0.017671943, 0.07638347
-0.804495, -0.75193167
0.1833564, -0.7059655
-0.21222496, -0.8580066
0.57100916, -0.19729781
-0.53519034, 0.5472014
-0.5448053, -0.22226882
-0.20731103, 0.07826364
-0.5361403, -0.28989637
-0.7044047, -0.5874971
-0.5766412, 0.38133216
-0.3649652, -0.610572
0.26404977, 0.08594918
-0.8609768, 0.14433181
0.012503147, -0.41085756
-0.8978176, -0.40504825
-0.29681957, -0.31802702
0.40194595, -0.3298955
-0.8454741, -0.21353996
-0.28091455, 0.62313485
0.70033634, 0.27584004
0.5067079, -0.52781916
-0.96824265, -0.5490502
-0.27888894, -0.8037555
0.82934725, 0.42264783
-0.9829285, 0.7146809
-0.4544084, 0.49443972
0.8321624, 0.09307468
-0.11042571, 0.5521939
0.6586995, -0.16312802
-0.22302067, -0.98649776
-0.6467191, -0.17682505
0.90620995, -0.8364645
-0.005735278, 0.429592
-0.9725337, 0.33413553
-0.5951928, 0.077067256
0.3645966, 0.026570559
0.7573967, 0.8225064
-0.335773, -0.57468784
-0.1844294, -0.79065406
-0.22591627, -0.97892904
0.4063201, -0.5161791
0.43980777, -0.49188232
0.11546564, 0.9666394
-0.23954117, 0.5268043
-0.67282474, 0.07040119
-0.7829367, -0.9983486
-0.6368327, 0.6899829
-0.19799697, -0.8759167
0.2986555, 0.76508164
0.102028966, -0.17618048
0.12862575, 0.30123675
-0.54726005, 0.77228224
-0.67626584, 0.3992684
-0.12775493, 0.5045979
0.85037243, 0.5257579
0.43745852, 0.6045668
-0.25910294, 0.7827748
0.28530824, -0.42869854
-0.999441, 0.008612752
-0.6433916, 0.010284543
-0.3535658, 0.6491513
0.36219418, 0.22984445
-0.9839568, 0.24919713
-0.09481692, -0.22783351
0.09098756, -0.32639503
0.062161922, 0.49293327
0.7917255, 0.60920703
-0.5117823, 0.68369496
0.25769162, -0.8680742
-0.099187255, -0.40441632
0.6827285, -0.95851743
-0.0934515, 0.2926929
-0.11411822, 0.9426712
0.010144353, -0.20969105
-0.5750923, -0.3576753
-0.6100061, 0.20039713
0.57349133, -0.9288168
0.89920735, 0.42877936
0.1585648, -0.35253692
-0.32886636, 0.6909772
0.27289188, 0.5728444
0.74623454, 0.61370385
0.8281337, 0.07193124
-0.97862303, 0.37466717
-0.71092045, -0.08569503
0.43788064, -0.35586035
0.6309929, -0.16331518
0.21202922, -0.0016200542
-0.60425603, -0.36475766
-0.23152483, 0.97939014
-0.09854686, 0.9298729
-0.78342175, -0.38912368
0.3039006, 0.89954174
0.22195709, -0.48889923
0.8413584, -0.081744194
0.13644004, 0.8652656
-0.35059047, -0.9663836
-0.4185753, -0.4398805
0.84662783, 0.9543369
0.31091833, -0.60018444
-0.09016168, -0.23908913
-0.7539979, 0.2041384
0.82945895, -0.6826451
0.8631474, -0.041244745
0.21777403, -0.48453748
0.5819851, -0.70591116
-0.10119915, 0.48136353
0.03730488, -0.8020456
0.9068264, -0.046277285
-0.10500038, -0.16828561
-0.9629005, -0.2788006
-0.4016056, -0.033930182
-0.19179618, 0.58266664
0.6821685, 0.25769818
-7.95722E-4, -0.6527779
0.29441595, 0.2599473
-0.1901108, 0.28355014
0.70804834, -0.36082435
-0.44028056, 0.80228317
0.92175674, 0.023777485
0.9970764, 0.43450046
0.14536488, -0.25258315
-0.552029, -0.9405358
0.88814926, -0.5053005
-0.1883241, -0.67854726
-0.4686594, 0.5809144
0.8351536, -0.97330236
0.33356166, -0.10674369
0.10033369, -0.42422235
0.61267257, 0.016067386
-0.92388976, -0.0055344105
0.8479003, 0.91530454
0.6645496, -0.5117322
-0.71301365, -0.042895675
-0.44141114, 0.55534804
-0.3845836, -0.297315
0.98312366, -0.77701664
-0.20414436, 0.6088412
0.97571146, 0.8792702
0.4192326, 0.7531668
-0.8537042, 0.19078207
-0.91575634, -0.68967605
0.11278021, -0.25412178
0.3554101, -0.42412508
-0.2774099, 0.14119017
-0.18651128, 0.7443582
0.327438, 0.31554854
-0.66549754, 0.8066212
0.27350998, -0.10740483
-0.10028064, -0.7226194
0.3025881, -0.73688424
0.4895512, -0.0317446
-0.46212494, 0.04457307
-0.35314596, -0.31391716
0.3643731, 0.60348225
-0.5370016, -0.9056381
-0.07326996, -0.49751163
0.553102, -0.4083531
0.68289864, 0.30584943
-0.78899777, 0.030324697
-0.09860456, 0.19333482
0.69215095, -0.45059037
-0.9887185, 0.623389
0.4421624, -0.6160066
0.051373005, -0.036889076
0.20498943, 0.93122256
-0.7310082, -0.0422467
0.09867501, -0.18112111
0.24545634, 0.3198558
0.8855815, -0.51027095
0.238348, -0.9671024
-0.6085495, -0.33398354
0.09854078, -0.5772048
0.10337293, -0.19176662
-0.08158338, -0.8297318
0.81674945, 0.67633295
-0.8217355, -0.48312128
-0.62212455, 0.7167882
-0.3315438, -0.46251106
0.31039882, 0.14356089
0.8697561, -0.12668467
-0.19465733, 0.19458139
-0.82656133, -0.6147466
0.23667634, 0.59844327
0.6234025, -0.7794565
0.23481464, 0.2806574
0.47706985, 0.49221277
-0.73754466, -0.19182277
-0.5703082, -0.36359942
-0.39942622, 0.07945669
0.8531214, 0.30522227
0.3332293, -0.08925271
0.7968285, 0.9210824
0.14032269, 0.07461679
0.123779655, -0.40760636
-0.053858638, -0.82799804
0.25095582, 0.58181536
-0.63684213, -0.34607482
0.18410325, -0.18102789
0.7061664, -0.92596865
0.4354626, -0.26601171
-0.42132103, 2.7263165E-4
0.95457685, 0.9111397
0.75510454, -0.7733941
0.25499415, -0.54017985
0.5583416, 0.31790364
-0.24086618, -0.40957654
0.07906449, 0.9391389
-0.80857813, -0.53552926
-0.52757776, 0.74021924
0.21391702, 0.041463852
0.9286257, -0.8011595
-0.08682525, -0.769176
0.6307355, 0.20483518
0.11243129, 0.31847858
-0.37311018, 0.27143204
-0.39403164, -0.70199144
-0.2474953, 0.083556175
-0.4943627, -0.3991661
-0.10585761, 0.17399335
-0.92788553, 0.77504194
-0.49944568, 0.41937697
0.20092368, -0.82428586
-0.51613486, -0.1347804
0.5772307, 0.7498158
0.83725965, -0.750425
0.24178696, -0.14404011
0.40335155, 0.15656579
0.66731143, -0.13502944
0.39445198, 0.683414
-0.4195634, 0.43371832
0.28319812, -0.9315376
0.7357632, 0.0060288906
-0.5032548, 0.15492749
0.11843753, -0.27436507
0.5634539, 0.6389853
-0.010854125, 0.7834928
-0.26248515, -0.4142903
0.565889, 0.7828865
0.08023262, -0.96192944
0.64200413, -0.7105677
-0.92097366, -0.93041253
0.15753114, -0.08056104
0.36510205, -0.75143564
-0.3346882, 0.4704249
-0.6670263, -0.86949265
-0.8354386, -0.6455122
-0.4894153, -0.453897
-0.7803043, -0.6174691
0.5749582, 0.60691917
0.3538326, 0.47012007
0.80861604, -0.45697975
-0.97625875, -0.41968083
0.55619824, -0.21960628
0.071496725, 0.9528134
0.534827, 0.6571839
0.33932889, -0.05921483
-0.5019678, 0.49316466
0.46604598, -0.5825354
0.23002672, -0.4751352
-0.99991536, -0.66566694
0.7895361, 0.68873775
-0.48390174, -0.49477804
0.6212833, -0.9025539
-0.03432548, 0.7288183
0.055849075, 0.061662793
0.99115896, -0.09853053
0.92851186, 0.9449811
0.25380898, -0.45102108
0.8245599, 0.3170184
0.24898636, -0.76210797
0.7184961, -0.3646834
0.7834649, -0.5875894
0.5897795, -0.08288801
-0.13892317, -0.5773717
-0.30321407, -0.034305096
0.6569774, -0.27543414
0.45828295, -0.8676498
-0.5418246, -0.41490507
-0.13107109, 0.29445517
-0.28471386, 0.03909254
0.7593765, 0.7151891
0.90060997, -0.4728552
0.3560065, 0.25365794
0.81977105, -0.42385375
0.0099077225, 0.5805241
0.90363646, 0.3398012
-0.18453252, 0.71915746
0.24574518, 0.8401482
-0.5518992, -0.49716198
0.5858749, 0.6748847
0.8967594, 0.07285118
0.81681705, -0.110219955
-0.015330434, -0.97012866
-0.9406961, 0.053431988
-0.5477196, -0.48746157
-0.03402531, 0.48684287
0.8669218, 0.5645392
0.14217424, -0.45212007
0.3276862, -0.5519757
-0.22161555, -0.9130713
-0.38866377, -0.11873329
-0.44840717, -0.807431
-0.52839684, 0.86780524
0.25253618, 0.43368697
0.83235824, 0.21987271
0.52041614, 0.55719745
0.83331525, -0.031118989
0.51051116, -0.62020826
-0.5200715, -0.46041954
0.68348694, 0.06043482
0.058006763, -0.6870663
-0.5052146, -0.5184523
-0.30448127, -0.4823109
0.2911359, -0.1940161
-0.65734076, 0.30532503
-0.19187617, 0.9003974
0.0062224865, -0.55810535
-0.66674006, -0.009044528
0.9817158, -0.110939145
-0.2152375, -0.80657697
0.8987061, -0.7278023
0.99518335, 0.2665
-0.8898572, -0.9959227
-0.37478685, 0.68626225
-0.050403237, 0.8377931
-0.9831066, 0.8232194
-0.057465315, -0.4170941
-0.5163312, -0.7043117
0.63614786, 0.38628697
0.9901372, -0.571043
0.41042006, 0.6369779
0.7661277, -0.09457111
-0.28921366, -0.48296022
0.40325415, 0.16414487
-0.48405135, 0.33353126
0.5789931, 0.6976298
0.5954151, 0.9073893
-0.66848993, -0.82003343
-0.051352024, -0.1287142
-0.7379514, -0.7963028
0.6361067, 0.17995751
-0.92890835, 0.44716597
-0.44704068, 0.4337579
0.24634933, 0.26207626
0.25609207, -0.2387985
-0.27219498, 0.16841853
-0.91222477, 0.5322865
0.09670663, 0.5568601
0.054710746, 0.64581907
-0.20307982, 0.29475355
0.38521755, -0.35345423
0.53009, -0.040058374
-0.27774024, -0.3914255
-0.89151216, -0.5834031
-0.5055896, -0.7714758
-0.5545944, 0.51075685
0.27543855, 0.59456325
-0.8371527, -0.80741894
0.6870179, -0.14334714
0.5567548, -0.458508
0.56535506, -0.22911537
-0.1560626, 0.434348
-0.69516766, -0.39003384
-0.90858614, 0.19195592
0.26982665, 0.03714955
0.77340984, 0.98314774
0.3457148, -0.42211485
0.19542003, 0.35714805
0.65396845, 0.6691985
-0.8435652, -0.40588665
-0.58729637, -0.17058492
-0.81621385, -0.028119683
-0.7321645, -0.790138
-0.12951684, 0.18667352
-0.8078753, -0.86375034
0.5790094, 0.46063673
-0.5528573, -0.27745485
-0.23874438, -0.9753617
-0.019948602, 0.27748215
6.788969E-4, -0.8328116
-0.0071406364, 0.0878762
0.63532245, -0.34292448
0.9424763, -0.15067673
-0.5993713, -0.372697
0.72773504, -0.8493942
0.2769277, 0.7811705
-0.22692275, -0.83857024
-0.1177789, -0.34077895
-0.23741806, 0.2134018
-0.033198476, 0.58084154
0.20346987, -0.9778496
-0.60101116, -0.57960343
0.25240564, 0.6261363
0.4437158, -0.45003927
-0.57564163, -0.0017988682
0.9970032, 0.81532955
0.18223774, 0.03371191
0.024909377, 0.3266102
0.89201117, -0.92001915
0.9469764, -0.06185603
0.29479396, 0.22243273
0.6893965, -0.35512328
0.22300279, -0.40805435
-0.89375305, -0.4051044
0.656844, -0.55562687
0.32856894, 0.15327287
0.9211794, -0.34183896
0.15743792, -0.62558067
-0.4415537, -0.3988458
0.08138549, 0.55394447
0.53432167, -0.43364584
-0.010281682, 0.22285593
-0.55103457, -0.26701093
0.6968392, -0.71559286
0.5039934, -0.030508041
0.42023742, -0.9741739
-0.5639427, -0.114186525
-0.7957196, -0.20637119
0.45058024, -0.9778838
-0.30255437, 0.31354487
0.50857186, -0.38123262
0.82256365, 0.3568573
-0.07346141, -0.730636
-0.21534896, 0.87800324
0.09158659, -0.83374965
-0.99811935, 0.32866597
-0.2256093, 0.38981235
0.29130685, 0.8276659
0.80155516, 0.5832257
0.76752734, -0.24872792
-0.8579838, -0.26101637
-0.8988384, -0.5960336
0.34181464, -0.9206021
-0.87725234, 0.31525922
0.93630874, -0.95144725
-0.75945354, -0.25479293
-0.63653505, -0.8126521
-0.8318144, 0.81241226
0.037277937, 0.6070031
0.3367144, -0.2927009
-0.18610096, 0.41165578
-0.19163287, -0.57454693
0.94819725, -0.21932411
-0.8647139, -0.16289067
-0.1949743, 0.5705019
0.44102633, 0.46704304
0.72340906, 0.8298663
0.97749794, 0.643003
0.35549486, 0.16818225
-0.13702285, 0.5104952
0.9939188, -0.36718094
0.88209057, -0.58149564
0.4960004, -0.17356586
0.7766285, 0.24721968
-0.29807913, 0.15118182
0.93331146, 0.04882419
0.17400038, -0.9455824
-0.25587702, -0.13899934
0.75891936, -0.74632585
0.045652866, -0.5336698
-0.8460399, 0.4516505
-0.78852034, -0.77321637
0.25811708, 0.8604386
0.8575814, -0.28013587
0.6814915, 0.81515193
-0.68699753, -0.17826927
-0.8997327, -0.72126114
0.5006583, 0.984141
-0.93547666, -0.43850207
0.56661475, 0.87887657
-0.06680548, -0.9286268
-0.70290947, 0.25928915
0.52190745, -0.62355137
0.283664, 0.018798232
-0.8412926, 0.8323796
0.05789292, 0.99692094
0.65962815, 0.06925893
-0.45786178, 0.3622899
0.42664278, 0.8403039
0.58548117, 0.43795216
-0.24295056, 0.23573744
-0.08988106, -0.042888522
0.51429534, -0.28248525
-0.7713419, 0.058714747
0.68039894, 0.52357125
-0.24330688, -0.7555424
-0.21949697, 0.9447429
-0.10540497, 0.19573677
-0.31204438, -0.95461106
0.95043206, 0.24587142
-0.51282704, 0.36323357
0.7915511, 0.6558901
-0.3488301, -0.20051527
0.020938516, -0.8310913
-0.8029493, 0.64259887
0.35771286, 0.9174384
0.28821468, 0.8350823
-0.55314755, 0.20993125
-0.814952, 0.10066128
0.3256793, 0.38883996
0.8912287, 0.33846867
0.6340983, 0.47498977
-0.65853703, -0.76771605
-0.32124388, -0.88400626
-0.27422023, -0.18171942
0.36104548, 0.14483464
-0.6010599, 0.8373846
0.37436473, 0.314942
0.7908423, 0.13268232
0.99264395, 0.27766967
-0.51896584, 0.734035
0.14151216, 0.15587127
0.94984674, 0.22812355
-0.39650846, 0.9733417
0.9487566, -0.2992512
-0.5965936, -0.6644162
0.5781275, 0.14881992
0.3001734, -0.9847592
-0.68749845, -0.48723495
0.43294775, -0.8505646
0.81935775, -0.8719462
-0.5038885, 0.56125736
-0.41974092, 0.7203393
-0.7820405, 0.010068893
0.30332863, 0.38684368
-0.33245146, 0.97272813
-0.17095554, -0.8372468
0.1946708, 0.6590967
-0.2503066, 0.6424849
-0.7928183, 0.45037425
-0.98501563, 0.119960785
-0.99790406, -0.32078516
0.2670647, 0.26891696
0.3923546, 0.78881836
0.07851744, -0.5255095
0.7166045, -0.66193867
0.3541162, -0.44717288
0.19760263, -0.73365843
-0.74531746, 0.2894256
0.64510775, -0.7185439
-0.3808905, -0.4461497
-0.29325736, 0.4541223
-0.8355168, 0.8039895
-0.31306386, 0.14249074
0.056527495, 0.70418215
-0.78241825, -0.44072556
0.7418333, 0.0064638853
0.5186163, 0.74426425
0.35426617, 0.47237217
-0.21728122, -0.19141674
-0.65839624, -0.33512676
0.4124019, -0.7521143
-0.8479005, -0.83198166
-0.10720587, -0.6650866
-0.52219534, 0.9790691
-0.63145065, 0.33369875
-0.56810224, 0.2785381
0.2839421, 0.04584205
0.5569564, -0.1364454
0.42297232, -0.6974944
0.29234707, 0.60614145
0.43908334, 0.03414929
0.70021474, -0.7214105
0.4860494, -0.15510106
0.24568021, -0.08741057
-0.74690664, 0.23237431
-0.7111665, -0.002180457
0.8749987, -0.84936225
-0.12880027, -0.21873045
-0.45523548, -0.7812747
-0.7789382, 0.73388064
0.82137465, 0.01633203
-0.8298657, 0.9705752
-0.37612116, -0.65079045
-0.9654087, 0.63912535
0.6668842, 0.65852666
0.2886374, -0.3404703
0.9595927, 0.7209265
-0.9728185, -0.14317143
0.2048558, -0.9493922
-0.5894948, -0.32395148
-0.8532715, 0.8640461
0.29910815, -0.9810724
-0.31865788, -0.2242229
0.5684514, 0.050183415
-0.1705414, -0.48492706
-0.75540304, 0.3695581
0.3389709, -0.37532675
0.88254726, -0.95084846
0.017254949, -0.65842605
0.43541622, -0.46065164
0.068303585, -0.5349562
-0.6933044, -0.772102
0.31587446, -0.93137383
0.0683229, -0.09636128
-0.2743988, 0.27220035
-0.6512202, 0.96840036
0.9965321, -0.9001813
0.18906808, 0.92849684
0.9825361, 0.6328194
0.42738652, 0.48287296
0.53931284, -0.5692775
0.75918555, -0.05840087
-0.8074701, -0.4790231
0.5377741, 0.32048178
-0.6877414, -0.5796827
0.29780185, -0.6392431
0.69003856, -0.30586636
0.72201824, 0.044136524
-0.6145407, 0.81594574
0.30922258, 0.57106423
-0.8167536, -0.33188248
-0.52696395, -0.06662345
0.12986708, -0.6800593
-0.0019344091, -0.63764846
0.45727074, -0.0960238
0.64945316, -0.6786772
0.21344388, -0.05884826
-0.122775674, 0.121827245
0.4741192, -0.4240985
-0.26195478, -0.5118805
-0.11735761, -0.6078266
-0.21003413, 0.82249975
-0.8627155, 0.088255405
0.3727504, 0.91024315
-0.99488807, 0.8731568
0.5959784, 0.25616765
0.4829991, 0.37105548
-0.09598553, 0.10450995
0.24991107, 0.72566414
-0.68779933, 0.93047535
-0.13318479, 0.90710616
-0.49050343, 0.30756402
0.9943981, 0.64510334
0.8527826, -0.41726983
-0.16668463, 0.43028963
0.84693074, 0.79608524
0.07236481, -0.5921407
-0.32145977, 0.35888278
0.7883985, -0.71664155
-0.4278015, -0.22009611
0.3158642, 0.3993144
-0.3552152, -0.6357254
0.3377285, 0.5349015
0.18044186, -0.5103313
0.9935794, -0.37846804
0.12741923, -0.4865402
0.21157324, 0.12897956
0.57530296, -0.6673391
-0.28853428, -0.6855496
-0.8892839, -0.6103891
0.06539965, 0.57726014
0.5311494, -0.19519377
-0.8832061, 0.84201896
-0.6637999, -0.8302772
-0.87276495, -0.997697
-0.21459532, 0.2238859
-0.1653918, -0.9252206
-0.15942228, 0.58003104
-0.3430575, -0.29801774
0.882872, -0.71159756
-0.53399074, -0.8570216
0.25167358, 0.31676388
0.48920035, -0.1711452
-0.90879524, 0.96851003
0.19055533, -0.86062515
-0.9351566, -0.5994493
0.55111635, 0.26461327
0.71644044, -0.7001308
0.54047287, -0.88152003
-0.21164441, 0.52851427
-0.8229542, 0.3185928
-0.030216217, 0.27824295
0.25225353, -0.43094778
0.32474267, -0.35372722
0.28732693, 0.49062562
-0.82841194, -0.7578994
0.7516073, -0.5707587
-0.7538544, 0.68278694
-0.94571567, 0.21236742
-0.47425044, -0.11754811
-0.20936763, 0.6688578
-0.27481568, -0.3258146
0.54799366, -0.7824527
-0.042502522, 0.33358443
-0.96855056, -0.51917815
-0.2010932, 0.3484081
0.03594041, -0.009579301
-0.42017603, 0.67533386
-0.041553497, -0.79607916
0.37188435, -0.3492924
0.10484815, 0.60303307
-0.76143193, 0.6169642
0.40165985, -0.7584126
-0.0944674, 0.6607543
0.5795878, 0.17573202
-0.71656907, 0.13469589
-0.8332807, -0.5535165
-0.90573883, -0.114706516
-0.6667733, -0.818311
0.22196496, -0.60063577
-0.20783353, 0.7082578
-0.0049396753, 0.0060032606
-0.48608923, -0.13497353
0.23584759, -0.54234743
0.2928518, -0.18808067
0.055658937, -0.17959023
-0.54158306, 0.15346682
0.6735128, -0.18021083
-0.101495385, 0.026849747
0.27739525, 0.33441472
-0.3811468, -0.37974393
-0.41951823, -0.6414435
0.25945914, 0.34155416
0.352463, -0.25180304
0.19812381, 0.28643548
0.08849752, 0.7389121
-0.63308465, -0.22317159
0.031208396, 0.42295086
-0.12858307, 0.35336733
-0.9431628, -0.025528431
-0.4770031, 0.79010034
-0.79633033, -0.17587233
-0.034884095, -0.68325233
-0.2560637, -0.35343778
0.09626591, -0.5737219
-0.7794318, 0.9075507
-0.2288289, 0.33716714
0.4847306, 0.82350314
-0.48875952, -0.42448115
0.8324717, -0.55202484
-0.7058855, 0.22860897
-0.6411185, 0.7822255
0.9458529, 0.46590805
-0.20812869, 0.40537035
-0.34046304, 0.97510064
0.6573217, -0.7387028
0.5486785, 0.34911942
-0.35857594, 0.5824028
0.6569891, -0.7029338
0.58931816, -0.83612967
-0.36184752, -0.7702987
0.5026331, 0.5473012
-0.5530906, 0.46275163
-0.8804804, 0.38102138
-0.69111454, -0.5562861
0.78275025, -0.9205102
0.33032036, -0.7235756
0.08421898, -0.27958906
-0.8544208, 0.9100237
-0.36629856, 0.24107909
0.66167736, 0.9738797
0.80832696, -0.19786179
-0.667068, -0.042367816
-0.27464628, 0.58550227
0.47939396, -0.38289332
-0.67068064, -0.7768787
-0.6496837, 0.7750021
0.436455, -0.014703155
-0.76479304, -0.49619377
0.03168595, -0.70671237
0.65290046, 0.7324164
0.9200947, 0.09422457
0.122688174, 0.09376907
-0.99482584, -0.7886888
-0.7337209, -0.90401375
0.6665504, -0.44536698
0.9368478, -0.99703896
0.76238716, -0.3254143
-0.94043696, 0.98200333
0.16489744, 0.7191632
0.14091587, 0.72748244
0.08605981, 0.6075778
-0.38772428, 0.79290557
0.055779338, 0.876608
-0.12697184, 0.93340266
0.7236049, -0.055343747
0.053289175, -0.16879058
-0.22875237, -0.24506545
-0.0053139925, -0.6152054
0.40628302, -0.7820548
0.025425792, -0.69466543
0.07359815, 0.42018175
0.9644971, 0.88112533
-0.7573798, 0.07770634
-0.98275805, 0.52132905
0.13364553, 0.59815013
0.3148451, 0.9364848
-0.07954085, -0.18779671
-0.29609954, 0.69707835
0.82989347, -0.0834955
-0.18421924, -0.643036
-0.6507039, -0.5640421
-0.34807217, -0.45933926
-0.1964258, -0.4018891
0.02956152, 0.35882235
0.38432407, 0.9797605
0.76804686, 0.5020913
0.47054517, 0.73213387
-0.10908818, 0.4189105
-0.90413535, -0.7572516
-0.7898395, -0.56222856
0.6695479, -0.59237564
-0.8077836, 0.6601441
-0.31736124, -0.5436791
0.1289581, 0.31954157
0.9173497, -0.284971
-0.5905038, -0.75134623
-0.42540824, 0.061612606
-0.42849672, 0.57531345
-0.6551986, 0.90425587
-0.82583773, -0.98443985
-0.46924675, -0.88330126
0.15355289, -0.33416736
0.30386662, 0.8336369
0.8771789, 0.31515622
-0.39012086, -0.2733407
-0.30474925, -0.41779482
0.3641839, 0.2523265
0.38641143, 0.9926033
-0.22361195, 0.3290844
0.915225, -0.9086038
0.95875025, -0.5706185
0.6645721, 0.25807786
-0.39863205, -0.33044696
-0.5089866, 0.7619889
-0.7081809, 0.17597151
0.1943196, -0.7493676
-0.9718001, -0.13392794
-0.68087137, -0.9299315
0.28812933, 0.4028684
0.5487081, 0.12386286
-0.5053948, 0.08841634
-0.35403264, -0.7848227
0.3410946, -0.9864296
0.18932283, -0.40319622
-0.16230881, 0.067762375
0.89115787, -0.33113968
0.40859652, 0.15411794
-0.36892235, 0.08729851
0.35583746, 0.9039619
0.44783068, 0.93340266
-0.3914566, -0.37613916
0.48179424, -0.21857786
-0.83897364, 0.45225394
0.5196867, 0.50593746
0.8823713, 0.59713984
-0.45368052, 0.2913612
-0.47250867, -0.051830173
-0.8573687, -0.3768208
-0.4768219, 0.714051
-0.8209188, 0.91548395
-0.67268133, -0.5311661
0.939129, -0.99538076
-0.5938015, 0.069159865
0.37562084, -0.061839223
-0.1590935, 0.33082092
-0.13367355, 0.51709294
0.6128435, -0.33975947
-0.28721547, -0.10677409
-0.7600509, 0.5891814
0.24438334, -0.5487876
-0.19445658, 0.4548136
-0.821108, -0.73620427
-0.13711917, -0.5708014
0.68933713, -0.069769144
-0.810853, 0.3904637
-0.82065487, -0.29750955
0.03747928, -0.5681027
0.22522342, -0.13551176
-0.8143511, 0.3456174
-0.44022095, -0.47006774
0.65259266, 0.4462731
0.8130604, -0.1803391
0.052530646, 0.4006673
-0.6420028, -0.99427867
-0.059277058, -0.8843303
-0.19030249, 0.18461967
0.591014, 0.5550312
-0.82242537, 0.66491973
-0.99453914, -0.017321825
-0.54257834, -0.8952222
-0.18095171, -0.5260639
0.5701531, 0.87440157
-0.48746443, -0.46360838
0.40559912, -0.21061242
0.024858594, 0.80942416
0.6200918, 0.6872542
-0.339494, -0.43220365
0.4785297, 0.0063239336
0.9704083, -0.8267236
-0.95571923, -0.94025373
-0.94311225, 0.7635399
0.42907166, 0.8454704
-0.8198644, 0.93525577
-0.448439, -0.45579648
-0.5522249, -0.4047389
-0.744504, 0.16190088
-0.77115405, 0.67827344
0.95033765, 0.68246305
0.3837819, -0.7488699
0.80940914, 0.50263
-0.26634598, 0.36278582
0.5496155, 0.4984058
0.85239244, 0.60819125
0.8854828, -0.22421825
-0.6416129, -0.96406806
0.76782143, 0.7243918
-0.33342254, 0.05855894
-0.24088454, -0.56139576
-0.4451257, 0.26662505
-0.45457506, 0.69525456
0.9717984, -0.62053
-0.77396, -0.4391619
0.9940661, 0.3960148
0.15150297, 0.2048372
0.6182847, 0.7766466
-0.40171385, 0.76252127
-0.31906092, -0.8365607
0.28104138, -0.9561188
0.34273982, -0.26762068
0.82379496, -0.26960588
0.60066056, -0.6988094
-0.041098952, 0.4244064
-0.28660834, -0.64580786
0.922372, -0.2153542
-0.5904981, -0.7128813
0.69802, 0.044550538
0.6145737, 0.5469037
0.26855838, 0.797819
0.16250443, -0.3976965
0.6035639, 0.15916336
-0.31821477, 0.5203539
-0.0976094, -0.339728
-0.639083, -0.43827367
-0.32862413, 0.69527817
0.5454465, -0.10298431
0.011905789, -0.5583279
-0.29405618, -0.9309224
0.39821827, -0.8120862
0.0013297796, -0.0018322468
-0.9933541, 0.41557348
0.8613502, -0.5074631
-0.997059, 0.11048496
0.29791236, 0.7642547
0.18930066, -0.8057884
-0.74400413, 0.26656878
0.05184877, 0.035431743
-0.38433492, 0.20451522
-0.06698024, -0.6367763
0.49837697, 0.7954786
0.08818281, -0.015499949
0.5105519, 0.27291286
0.48481965, 0.21108079
0.32877505, 0.76767516
-0.015228391, 0.31444204
-0.39621282, -0.36814523
0.04089558, -0.58439946
-0.79937255, 0.08529186
-0.82945275, 0.5327246
-0.8778446, 0.8921397
0.5775424, 0.87998223
-0.4387523, 0.2720207
-0.37423706, 0.5491692
0.027973533, 0.60702777
0.07178056, 0.30338538
-0.30695832, 0.44271505
-0.40261114, -0.95673025
-0.57496953, 0.5502778
0.20866942, 0.52615523
-0.42012072, 0.7015228
0.35530555, 0.8632667
-0.313385, 0.6224526
-0.55231464, 0.2073698
0.6792985, 0.18101215
-0.0084501505, 0.67188025
-0.6760007, -0.8932568
0.40842974, 0.9724667
0.7097343, -0.15704298
0.25901663, 0.41493833
-0.001481533, 0.9350189
-0.0636754, -0.18871558
0.60297847, -0.36784744
-0.24734855, -0.38704324
0.2776469, -0.8732387
-0.078158736, -0.78807116
-0.3744055, -0.39216852
-0.6446817, -0.037935257
0.74524117, 0.62799394
0.97220266, -0.7165412
0.3390262, -0.7270415
-0.1978401, -0.7205105
0.8983823, -0.5957273
-0.627614, -0.049543977
-0.45334542, 0.47988296
0.4614141, 0.44014764
-0.101980805, 0.83125496
0.42264473, -0.8048713
0.66707194, -0.9884714
0.9862884, 0.6247157
0.6878756, 0.17831945
0.2026627, -0.72232616
-0.9236394, 0.2205087
-0.6383667, 0.9358827
0.2558546, 0.2951591
-0.9121635, 0.8831997
0.8781761, 0.9542538
-0.9491999, 0.23831236
-0.11556542, -0.51177335
-0.06891942, -0.77640796
-0.711048, -0.5975566
0.44220603, -0.060824037
0.12132108, 0.013362527
-0.27606404, 0.26528227
-0.63344014, 0.4737363
-0.39822888, 0.34993863
-0.10111928, 0.61288846
-0.23634636, -0.54104555
-0.8357296, 0.84199774
0.45653188, 0.25641537
-0.25934792, -0.91009617
-0.12168193, -0.38519025
-0.4421172, 0.8979237
0.96637917, -0.62706137
-0.68450963, -0.9605247
-0.90003824, 0.8970779
-0.027602673, 0.50016737
-0.4149964, 0.467808
-0.2653259, 0.5458616
0.32601678, 0.304052
-0.9743687, -0.35922754
-0.63222086, 0.12101865
0.9345603, -0.09312904
-0.027661443, 0.45499313
-0.29031622, -0.07707238
-0.5465505, 0.31159914
0.24714684, 0.26089954
-0.6035752, 0.02283597
0.14717984, 0.09475112
-0.6718725, -0.6692909
-0.16683722, -0.63084614
0.95734954, 0.7316996
-0.8122666, 0.79102504
0.274256, -0.122017264
0.037073016, 0.7450125
-0.020684838, 0.4807886
-0.8489126, 0.10549772
0.7138188, 0.622427
0.92065156, -0.17556429
0.59862256, 0.8613479
-0.123096585, 0.6495775
-0.22576618, 0.9955164
-0.75845945, -0.064215064
0.49924636, 0.1009109
0.90719163, 0.34894264
0.3369968, -0.4670521
0.96548057, -0.54563236
0.88009346, -0.70083964
0.10588288, -0.61220205
-0.9267105, -0.30714512
0.03565991, -0.28352594
-0.35258543, 0.71229887
-0.68893576, 0.43120933
0.5274023, -0.24789786
0.5698999, -0.9803709
-0.21127081, -0.20209599
0.7189143, 0.53915155
-0.8220346, -0.8813875
-0.083842635, -0.64976835
-0.8399867, -0.25017834
-0.38561237, -0.9683927
-0.41137922, 0.19650769
0.06908858, -0.6432898
0.5057913, 0.3327279
-0.20778203, -0.027739644
0.25391006, 0.80216825
0.8351898, -0.47422493
-0.56783473, -0.03142941
-0.44718122, 0.90902627
-0.44720876, -0.9468491
-0.16871011, -0.47870004
-0.7342988, -0.76782346
0.5111841, -0.9571322
0.3413416, 0.63822603
-0.08905983, -0.79017854
-0.74351203, -0.81910884
0.6228992, 0.09204841
-0.8521601, -0.57437146
-0.064490795, 0.023594499
0.42157102, -0.7268063
0.80989313, -0.22282553
0.67756736, 0.47794175
-0.05844152, 0.0015976429
-0.5246446, -0.9761895
-0.6404233, -0.9269129
0.39130127, -0.2841364
0.70333827, 0.10083568
-0.2435373, 0.9979265
-0.12547219, 0.1568594
-0.7093786, 0.7094308
0.44901, -0.8152636
0.8359184, 0.2646724
0.965899, 0.32686746
-0.27521276, 0.37410724
0.06146753, 0.47239506
-0.420565, -0.98985505
-0.8877599, 0.07609737
-0.9719176, -0.2895323
0.47939265, -0.8281261
0.8369467, 0.6527939
0.14644337, 0.9735602
-0.8968301, -0.84996045
0.2114501, -0.47728777
-0.3545544, -0.4909116
-0.31296647, -0.9591129
0.68513477, 0.5561907
0.88628757, -0.4627396
0.8565544, -0.17504597
0.4960432, -0.09311938
0.9525373, -0.52221906
0.5832783, -0.64259577
0.4381665, -0.1814506
-0.7757745, -0.81899965
0.39593637, -0.13537657
0.32370305, 0.3326944
-0.65012825, 0.27252793
0.29537654, -0.7925334
-0.5890131, -0.8723725
0.5493374, 0.67785525
-0.14522266, -0.83098805
0.7850512, -0.355134
0.95235264, 0.16282701
-0.3248229, -0.117904186
-0.59427404, -0.12191999
-0.9350245, 0.16184747
0.7663181, 0.75732243
-0.124703884, -0.08039987
0.8317994, 0.49065173
-0.28702927, 0.94770145
-0.78587675, -0.34350574
0.14559925, 0.7500291
-0.5486069, 0.029226184
-0.27077734, 0.7073153
0.5046867, 0.49567604
-0.6155001, 0.59981513
-0.04896891, -0.52498543
0.4532441, 0.34320343
0.27452052, -0.21420169
0.7423135, 0.07948899
0.3944844, -0.18241954
-0.25810575, -0.37698686
0.8842844, -0.8086525
0.8124267, -0.68077314
-0.43535054, -0.33681667
-0.05266571, -0.21088982
-0.4544357, -0.54969025
-0.62793195, 0.9942614
0.991027, -0.6694038
-0.97518575, -0.7124493
-0.5518962, -0.54040134
-0.6722313, -0.6362468
0.47853863, 0.8182473
0.70370245, 0.57694983
0.42685437, -0.71420753
0.2803706, 0.2611717
-0.27119386, -0.45588434
-0.92881846, -0.67653847
-0.61014545, 0.15983617
0.69670284, -0.6488122
0.7329087, 0.33988464
-0.8534429, -0.80371594
-0.27791536, -0.12430763
-0.94018614, -0.09246576
0.015026689, 0.82343996
0.06513131, -0.05118704
-0.81290996, 0.43675005
-0.43308794, 0.8682414
0.5192666, -0.021126866
-0.65588033, -0.49623752
-0.53270113, 0.28013158
0.9539335, 0.98911285
-0.042641163, 0.5407324
-0.6309043, 0.35628235
-0.58439076, -0.04213488
-0.1520797, -0.4567485
-0.22719741, 0.6093389
0.7179699, 0.7672987
0.33495355, -0.23478162
0.68316066, 0.20390868
0.5274309, 0.81656635
-0.7694763, -0.059988856
-0.8408047, 0.4803152
0.66430366, 0.49987423
-0.52074623, 0.31655765
0.8350316, -0.344319
0.27784812, 0.115489244
0.51943207, 0.5470836
0.3958298, -0.10656726
0.059524894, 0.6905502
0.92875314, 0.37965333
-0.14166117, -0.36293077
0.23530841, -0.44188046
0.88376355, 0.7439301
0.57698596, 0.4122913
-0.16398132, -0.29766464
0.22767353, -0.85098386
0.12899756, -0.42179203
-0.49509025, 0.27351117
-0.4813459, 0.6806923
0.10161173, -0.34372807
-0.063883066, 0.60471606
-0.042571187, 0.6609206
-0.14086199, 0.3650347
-0.27218282, 0.25705552
-0.9511951, 0.2451154
0.6181383, 0.37291944
0.511443, 0.4520055
0.2874378, -0.6207502
0.59682107, -0.9438515
-0.06379306, -0.850672
-0.15208924, -0.80756223
-0.7752445, -0.49640048
0.86556256, -0.1736821
-0.11953068, 0.69410133
-0.50919616, -0.7015799
-0.29391205, 0.8694091
-0.85843825, -0.3637501
-0.9336535, 0.9212042
-0.5707762, -0.42371345
0.082283735, 0.7664701
-0.86040246, -0.7797911
0.88285136, -0.23644698
0.36476815, 0.13178194
-0.059919596, 0.67597413
-0.25438714, -0.1255734
0.24107933, -0.75374246
0.31406403, -0.06689119
0.72798014, -0.83425355
0.8506435, -0.37138295
-0.12777662, -0.05077803
0.6935797, 0.0195148
0.6551912, 0.15021157
0.9044852, 0.43024993
-0.27770638, 0.4704969
-0.87811613, -0.2924683
-0.41242754, -0.10691738
0.48383355, 0.68685806
0.92236173, 0.050596952
-0.003213048, 0.77393174
0.002411127, -0.039156556
0.64815426, 0.6698582
-0.9427074, -0.8706684
-0.46043825, -0.21608067
0.7142502, -0.77233064
0.14755297, 0.004066348
0.0125643015, 0.2805214
-0.5542877, -0.51497185
-0.95312047, -0.012487531
-0.349571, 0.75029457
-0.45208013, 0.70630133
0.5415193, 0.5016495
0.401986, -0.7533449
0.07471597, 0.434116
0.9282335, -0.7284572
0.91785896, 0.4420687
-0.23714113, 0.35011137
-0.16497433, 0.7820908
-0.5638844, -0.07975137
-0.102440834, 0.96933925
-0.42807174, 0.23783755
0.35902667, -0.10255349
0.39742124, -0.76038873
-0.11018145, 0.3892808
0.633811, -0.16821134
0.5799078, 0.14041162
0.4699664, 0.92374563
0.69498396, -0.12666595
-0.7790729, -0.6775633
-0.72221196, -0.925897
0.3773991, -0.06206119
-0.8547565, -0.4390329
0.39663887, 0.45344412
-0.87854517, 0.49507034
-0.9856895, 0.29558933
-0.8984388, 0.47577155
0.72125804, 0.29576552
0.052822232, 0.7883059
-0.09468567, 0.53383183
0.77444375, -0.558651
0.96915627, -0.5424738
0.2600236, 0.6297294
-0.630039, 0.21017551
0.09589398, 0.99753356
-0.7393975, 0.19360721
0.401062, -0.5951394
-0.573004, -0.95868945
0.4421736, 0.69445515
-0.90015376, 0.45894253
0.9684621, -0.37940204
-0.53438985, -0.33343434
0.39176273, 0.08139801
-0.7886493, 0.592113
-0.2736206, -0.9422791
-0.9820273, -0.557673
0.40016806, -0.7906356
0.7789742, 0.020898938
0.0051418543, -0.5550605
-0.41352367, 0.16005921
0.28299856, -0.4692967
0.7182888, 0.1490339
-0.6957891, 0.031018019
0.41076517, -0.8706064
0.22099364, 0.7061204
0.9501133, 0.4134761
-0.8669323, 0.5897001
-0.6962426, 0.6790817
0.63545144, -0.9811617
-0.70626915, -0.605903
-0.6894566, -0.8871318
-0.75748515, -0.19756472
0.72977495, 0.84762514
-0.43884993, -0.18724084
-0.95336974, 0.7305732
0.2689513, -0.5897951
-0.24738467, -0.035130143
0.7091613, -0.7236599
-0.9531766, 0.24227095
0.43701315, -0.5473212
-0.8896407, 0.30282807
-0.5061717, -0.30166948
-0.39243805, -0.9481901
-0.9628923, 0.03410709
-0.65852654, 0.27062082
-0.027552724, -0.5237826
-0.7876494, 0.26941073
0.13519108, -0.43361032
-0.3375175, 0.7065207
0.41089594, -0.29305947
0.49165988, -0.7229103
0.5830735, 0.9952903
-0.6948744, 0.1145097
-0.32031465, 0.9902868
-0.42427957, -0.8503262
0.08813536, 0.18127048
-0.8135011, -0.038949013
-0.9400823, 0.7001666
0.8478378, 0.98176265
-0.3252071, 0.628363
-0.41123962, -0.5025331
-0.4692551, -0.0037056208
-0.103123784, 0.39169478
0.9266888, -0.07166684
0.47223616, -0.1747315
-0.92718637, -0.69612586
-0.9289309, -0.74322295
-0.23227406, -0.47629523
-0.19446564, 0.7362379
-0.7024305, 0.5064659
0.45133448, 0.07974267
-0.7782972, 0.6920568
-0.13146079, -0.76398647
-0.19981015, -0.3227074
0.29078543, -0.70539737
-0.4155513, 0.0153211355
-0.1310792, -0.40061355
0.03429997, -0.18318117
-0.9918544, -0.70923924
-0.25100017, -0.97835517
-0.58993495, -0.6925367
0.21951997, 0.7695167
-0.3237102, 0.9674653
0.04349482, -0.82629514
-0.64190865, -0.7186887
0.81828165, -0.73969245
-0.3868481, -0.7736274
0.87311125, 0.9261925
0.47789156, 0.45364642
0.45624244, -0.17875123
0.16075051, 0.96820223
0.70150447, 0.18651414
-0.15710807, -0.09041309
0.81101704, -0.7283858
-0.97089314, 0.8801656
-0.53614855, -0.8134209
0.47050083, 0.57943904
-0.04316473, -0.6304089
-0.314664, 0.5840527
-0.6272596, -0.49011958
0.89497554, 0.7809433
0.928128, 0.2713977
-0.81578326, -0.4394337
0.2597921, 0.81689465
0.4617026, -0.21464479
-0.1470691, -0.48629606
-0.4349463, -0.32630503
-0.9099653, -0.32684052
-0.9883443, -0.97880554
-0.092611074, -0.6221875
0.480667, -0.9103818
-0.90730214, 0.80821717
0.32205772, -0.468557
-0.4444667, -0.3008604
0.07785547, -0.0821563
-0.92876995, 0.11993563
-0.82095885, 0.86443114
0.063893914, -0.5468892
-0.6853019, 0.9979758
-0.11301327, 0.78754985
0.28036547, 0.7056006
0.11840069, 0.7786654
-0.12142694, 0.9137193
0.85517406, 0.96809554
-0.69898367, 0.24678755
0.5214195, -0.50685894
-0.34021032, 0.536427
-0.15172338, -0.27526832
0.4017768, -0.45837724
-0.59034514, 0.6073898
0.3392433, -0.81629956
-0.72866523, -0.9282199
0.22062755, -0.08990371
0.20904744, -0.13244724
-0.9354807, -0.17574382
-0.24491727, 0.32013547
-0.040904403, 0.83229184
0.6306815, 0.93000066
0.4173894, 0.6684762
0.40709412, 0.26802993
0.5604408, 0.7107434
-0.5878922, 0.4185233
-0.08334422, 0.95476055
0.7677252, -0.7940371
-0.8261683, 0.38282537
0.2213825, -0.1820674
0.15381789, -0.22499454
-0.7632133, 0.19093478
0.10843003, -0.67096376
-0.83349407, -0.07418263
-0.67495, 0.37823248
-0.33148706, -0.40604782
0.30356693, -0.8500079
-0.3091563, 0.4142717
-0.5985061, 0.54959905
0.076542854, 0.53610086
-0.024038434, -0.9256036
0.28549623, -0.05400884
-0.52911305, 0.38272
0.94726217, -0.49769187
-0.44780302, 0.012209535
0.4124794, -0.7557868
0.88706017, 0.04643774
-0.47099948, 0.15824819
0.25443435, 0.98169005
0.3079641, 0.5335556
0.77986014, -0.0071218014
0.64621675, -0.80533075
-0.22038794, 0.6159363
0.9227179, -0.15111744
-0.79344225, 0.4618349
0.08194721, 0.8847501
0.3971417, 0.89400923
-0.8427204, -0.14809036
0.76683104, 0.107224226
-0.62157106, -0.036076784
0.48737884, 0.24366939
0.76228905, 3.3402443E-4
-0.143085, -0.89543855
-0.9750438, 0.42792726
0.05291319, 0.7272152
0.79978514, 0.18185651
-0.0954628, 0.1941073
0.43366444, 0.89368284
0.056984782, -0.8511379
-0.6008234, -0.7444619
0.9047648, -0.22746003
-0.15192282, -0.7210903
0.5781032, 0.6115569
0.6919782, -0.66448474
0.36791003, 0.36670804
-0.6141045, 0.73023677
-0.28279066, -0.69692826
-0.7277013, 0.1071707
0.39415407, -0.39377356
-0.21335447, 0.9658786
-0.04651475, -0.8943219
-0.69454515, 0.98344123
0.0055656433, -0.84262216
0.11644268, 0.4977857
-0.78281605, 6.5279007E-4
0.4949782, 0.48901677
-0.90529335, -0.011013746
-0.32372725, -0.44050002
0.33261693, -0.8216772
0.5186722, -0.09723425
0.39003122, -0.18836796
0.66682816, 0.98977697
0.68170154, 0.2663052
-0.742735, -0.10619986
0.6918031, 0.5647819
0.78207946, 0.80836403
-0.051763296, 0.15305614
0.16459715, 0.6541697
0.29826868, 0.42210865
0.8354044, -0.23084903
-0.37465858, 0.51079285
0.466174, -0.1387459
0.020340085, -0.056518674
-0.23376596, -0.21275914
-0.39674437, 0.3113073
0.5232992, 0.6955023
0.4740597, -0.27719438
-0.06818068, 0.8103106
0.6019684, 0.3801421
-0.33709884, 0.09424126
0.44363022, -0.83589816
-0.5421401, 0.44096744
0.47290564, -0.6509471
-0.95144665, -0.56014144
0.023812532, 0.8639084
-0.39661992, 0.41562712
-0.5338284, 0.24363577
-0.24392247, -0.039259553
-0.020992637, 0.48630047
-0.41062713, 0.90677536
0.44460905, 0.3824488
0.117513895, -0.7340746
-0.7026454, -0.012478113
-0.85261965, -0.46070528
0.72320366, 0.26591253
0.6101285, -0.36049175
0.27169716, 0.5804241
0.1633122, 0.99787486
0.7221283, -0.30227458
-0.9074776, 0.98841345
0.6052735, 0.9246168
-0.7765491, -0.84865427
0.94398344, -0.4915148
0.02779591, -0.3327695
-0.9814818, -0.31356847
0.6137272, 0.73110545
0.920562, 0.94065785
0.48411095, 0.79638183
0.6243669, -0.16649413
0.37999701, -0.22535944
-0.27827477, 0.005991578
-0.8341112, 0.14497614
0.94297326, 0.8120004
0.42618167, -0.7185335
-0.62125206, 0.94092417
0.5042654, 0.16727269
0.84276724, 0.10015917
-0.69121397, 0.8276421
0.14675534, -0.73751247
-0.07667577, -0.63823557
0.9232955, -0.45986867
-0.6195611, 0.24634075
-0.08436513, 0.8666631
0.7990093, 0.764465
0.8963001, 0.32067442
0.24174654, -0.09420931
-0.7239189, -0.8869016
0.3405199, 0.09305942
-0.6249887, -0.48343945
0.07989097, -0.39777815
0.7571875, 0.9045454
0.64937127, 0.82616293
0.14764106, 0.6862122
-0.5959586, 0.6342883
-0.42572796, -0.6036625
0.54920256, 0.33200347
0.48958206, -0.81270385
-0.06820774, -0.7632402
-0.13961422, -0.8393302
-0.5702003, 0.053427577
-0.64016664, -0.4092908
0.93747854, 0.22510791
0.8022181, -0.6175921
0.31169367, -0.2887975
0.43068707, -0.14341223
0.24236202, -0.5610635
-0.63911796, -0.022403479
-0.38691497, 0.5051688
0.8157276, 0.78168344
-0.79167926, 0.3710382
0.330325, 0.4027965
-0.3112651, -0.6271242
-0.9102887, -0.36435652
0.5908171, 0.230183
0.37087667, -0.63716865
-0.8891455, -0.49209356
-0.2650926, -0.12555826
0.9135572, -0.39042318
0.3527124, -0.37352443
0.87491655, -0.4548174
-0.49800038, 0.35240722
-0.8536017, -0.080747604
-0.14622307, -0.2759272
0.23869967, -0.91188586
0.33966243, -0.44999695
0.8996997, -0.2105143
0.97897387, -0.571977
-0.25922906, -0.41746306
-0.4745605, 0.99270666
0.09245241, -0.23634088
-0.19779956, 0.60653293
-0.9049994, 0.93496037
0.4215722, -0.7429489
0.10816622, -0.22718167
0.6800635, -0.70702624
0.12059283, -0.2722739
0.882936, -0.25691295
-0.17836857, 0.12049961
-0.55411434, 0.6276479
-0.35749078, 0.40125537
0.7602627, -0.2617731
0.56131256, 0.0052349567
0.06487155, -0.29428446
0.38505054, 0.35364115
-0.82965946, -0.7943584
0.06627405, -0.030536294
-0.28392804, 0.30448723
-0.7182467, -0.44957983
0.24589801, -0.7989253
0.80317736, 0.087415576
-0.5359503, -0.034759045
0.33764935, 0.94243646
0.9313966, -0.14484859
0.62802887, 0.19085193
-0.30708754, -0.030823827
-0.794675, -0.2427119
0.05697, 0.45395422
-0.2909993, -0.019616365
-0.7023487, 0.37406838
0.97411, -0.44007385
0.40126407, -0.6911527
0.87078416, -0.51858985
-0.7375194, -0.53235626
-0.6778854, 0.87055135
0.7449485, 0.82723045
-0.92242026, -0.022445798
0.7031466, -0.25435567
0.14372432, 0.08303487
-0.979815, -0.5208932
-0.3590349, 0.2907933
0.7099354, 0.83700764
0.040554285, 0.44466627
0.57735384, -0.7999445
-0.07947576, -0.9236822
0.40037668, -0.3244604
-0.34824812, 0.93811
-0.6811452, 0.17939746
-0.22073722, 0.6614729
0.47540522, -0.34309018
-0.30006766, -0.9509711
-0.009184122, 0.95305216
-0.13752699, -0.11802709
0.27000856, -0.47824705
-0.15808249, -0.3920864
-0.7229419, 0.25378013
-0.112145305, 0.35489798
0.7991539, -0.72988486
0.93884134, 0.16223311
-0.49432087, 0.16721475
-0.43366396, 0.6768199
0.6220535, 0.5394318
0.19807613, -0.3348993
-0.24286437, -0.19971526
0.51718295, 0.14672422
-0.5174074, 0.56768405
-0.21017694, -0.34077477
0.95371985, 0.8893373
0.5976224, -0.21277165
0.6310116, 0.11532593
-0.99589705, -0.4099983
0.11384082, -0.44153035
0.43634844, -0.3260771
0.4916972, 0.5340345
-0.21072865, 0.39916527
0.37053525, -0.21571672
-0.35808194, -0.11851001
-0.08579552, -0.4527154
-0.39892495, -0.8694823
-0.41784775, 0.031478763
-0.84881246, -0.28341806
0.6293973, -0.75279725
-0.108343124, -0.07818997
-0.5958322, 0.9944078
0.48957622, 0.3312714
-0.27014053, -0.6858897
-0.7191951, -0.53805685
0.5446017, -0.5870918
0.33409107, -0.70278776
0.0034959316, -0.4703827
-0.5228642, -0.23977137
0.59152806, 0.5264462
-0.2983197, 0.26947725
0.7715068, 0.28108096
-0.64521074, -0.09547281
0.2796811, -0.1112051
-0.6703712, 0.48037088
0.5166849, -0.055301547
0.24160421, -0.62233686
0.3541776, -0.013818383
0.37134624, -0.52266324
-0.9647474, -0.21354592
-0.5623647, 0.45658767
0.29289198, 0.38503957
0.40004265, 0.25541484
-0.89478326, 0.33459508
-0.7417383, 0.23634791
0.06503439, -0.01879859
0.89442205, 0.7335268
-0.26350868, 0.054264665
-0.5159726, -0.09901154
0.8319986, 0.33057702
-0.12532973, -0.61480355
0.95279706, -0.40562856
-2.5367737E-4, 0.006099224
0.03756404, 0.012059212
0.16365051, -0.2418561
-0.24738193, 0.8787297
-0.38170493, -0.25720596
0.6880472, -0.49339378
-0.13263822, 0.6035142
0.40625823, -0.122042656
0.60990286, -0.5795125
-0.21098125, 0.17215097
-0.8996439, -0.6156634
-0.43169475, -0.9744288
0.29564774, 0.7359134
0.8837148, -0.44780827
-0.2740482, -0.95586944
-0.18042088, -0.06882703
-0.7857523, 0.7884059
0.42928636, 0.47662055
0.9377183, -0.9095881
0.1999042, -0.7044287
-0.16586399, -0.7434546
-0.64945006, -0.8034493
0.8778509, 0.28417027
-0.94718945, 0.74714136
0.55819285, -0.33115447
-0.4730872, 0.14060545
-0.8303051, -0.47477186
-0.9244634, 0.69567084
0.85640264, -0.7187613
0.1966672, -0.2116642
-0.764184, -0.11528981
0.85247123, -0.7605982
0.76209044, -0.28330672
-0.69614077, -0.37286425
0.57965744, 0.15968585
-0.6525643, -0.33707583
-0.31971276, 0.22737801
-0.33354247, 0.1922288
-0.17203486, 0.81137455
-0.16002357, 0.12803471
-0.51783836, -0.79263985
-0.48944247, 0.78499997
-0.73720014, 0.69712985
-0.3868984, 0.78662395
-0.8026551, -0.58608985
-0.6061208, 0.62315536
0.816098, -0.38225198
-0.6653397, 0.73411286
-0.7336283, 0.24805713
0.8328258, 0.89688754
0.05638528, -0.6245241
-0.47816765, -0.02609396
0.27834284, 0.40012157
0.050889373, -0.51156473
0.5663831, 0.7744175
0.73795605, -0.122210264
0.3943138, 0.18352807
-0.817793, 0.9581238
0.29189217, -0.20612824
-0.75680614, -0.4958508
-0.7552028, 0.9602798
0.9925798, -0.19182134
-0.06352222, -0.97354305
0.7052959, 0.5753381
-0.009836078, -0.7959466
-0.27870715, -0.99369323
-0.716879, 0.39670897
-0.72600985, 0.91748154
-0.5543879, 0.9519527
5.7935715E-4, 0.28424263
0.44313967, 0.16216779
-0.1677072, 0.7304516
0.69777, 0.66353667
-0.024404287, -0.17783892
-0.53567255, -0.7522061
-0.43970263, 0.18270433
-0.52211607, 0.8358154
-0.27371407, 0.5880599
-0.52560544, -0.9241148
-0.9182323, 0.51512074
0.70693696, -0.8845135
-0.11646986, 0.8219197
-0.4075595, -0.7725067
-0.58887553, 0.08994937
-0.90906715, 0.10476065
-0.06451106, 0.93765163
0.21032238, 0.5076654
0.67818284, -0.3646021
-0.5800295, -0.42529297
-0.8639318, 0.46154583
0.92743146, -0.71433365
0.18026066, -0.6866213
0.31262517, -0.61987793
-0.84405243, 0.53413725
0.41652358, 0.34266508
0.6960461, 0.17736113
-0.45245707, 0.012508512
0.6576297, -0.026890993
-0.19510567, -0.11680555
-0.8071238, 0.089241505
-0.16295314, 0.4328252
-0.17051625, -0.07194519
0.7743293, -0.14697444
-0.93115354, -0.77140856
0.9229413, -0.40674925
-0.42022967, -0.2463727
0.51489985, -0.7450774
-0.10656583, 0.9545996
-0.7874063, 0.8872771
-0.42984438, 0.8858018
-0.088184, -0.23492563
-0.754915, -0.029524684
-0.17623639, -0.33996737
-0.44077003, 0.22668612
0.901188, -0.37317514
-0.30851972, -0.5079653
-0.13046229, 0.8658079
-0.369928, -0.17348766
-0.20030999, -0.46534336
0.2179625, 0.43664443
0.09012234, 0.9773388
0.7919042, -0.50285006
-0.40524137, -0.97979534
-0.5181302, 0.52564955
0.52613413, -0.6685232
0.1744113, -0.6003201
-0.32389927, -0.28659058
0.15528727, -0.36713362
0.8284203, -0.7615423
0.57430077, 0.61927605
0.29592454, 0.7757455
-0.6840036, -0.28632486
-0.98766863, 0.38705468
0.46720624, -0.72615945
-0.835551, -0.21121025
-0.6438354, -0.78630316
-0.010240674, -0.65451765
-0.23595536, -0.20145547
-0.98111117, -0.56977904
-0.7994164, 0.9829973
-0.9498553, 0.28799593
0.5694591, -0.29337204
-0.2517507, 0.3806715
0.761032, -0.5887916
-0.38795376, -0.5302937
0.99099195, -0.6524838
0.71290946, 0.07867992
0.5006027, 0.75091493
-0.97024083, 0.42721212
-0.3488531, -0.03348732
0.26711142, -0.82267916
0.7416003, 0.41110563
-0.9851433, 0.40022755
0.9705188, -0.2839681
0.17411268, 0.8549168
-0.077120304, 0.37944102
0.32042122, 0.049459934
0.518682, 0.17653918
0.5979023, 0.49356508
-0.60273457, 0.8715421
0.7361213, 0.1885742
-0.2294563, -0.58393466
0.6620188, 0.663041
0.55695164, 0.80746174
-0.84481657, 0.9531555
0.45938838, -0.3496281
0.1851511, 0.8339658
0.084552646, -0.22005224
0.49969423, 0.59716105
0.38384843, 0.16154015
0.1348424, 0.7929573
0.94973826, -0.1939367
0.6285641, 0.93742895
-0.9954419, -0.70903635
0.5847597, -0.6561909
0.4061538, 0.343184
-0.9971304, 0.3593936
0.45725977, -0.95657253
-0.48237085, -0.44743
-0.30941164, 0.8023406
-0.15381491, -0.74777055
-0.28735197, 0.12215805
-0.31491828, 0.53072727
-0.6138755, -0.89366555
-0.18709469, 0.75922906
0.52925336, 0.06043279
-0.082708, -0.450477
-0.5167351, 0.7169999
-0.23455215, -0.1907047
-0.4258182, 0.52354014
-0.23056781, -0.8602395
0.057798266, -0.004552722
0.16161907, -0.46199214
-0.37245667, -0.17441344
0.19860995, -0.24471152
-0.81856835, 0.761068
-0.23368537, 0.41180098
0.13991761, -0.7611548
0.08409011, -0.43532467
-0.80901515, -0.5204606
-0.07288194, -0.36363113
-0.4217806, 0.76905084
0.8352506, 0.9844172
0.7642027, 0.6370199
-0.50874794, 0.76049256
0.9738455, -0.27175903
-0.92414355, 0.67834985
0.38501275, -0.452824
0.5917243, -0.22094083
-0.122005224, -0.34254587
0.44987953, -0.07823801
0.72831774, -0.9103613
0.9934046, 0.4941256
0.5325763, -0.065207005
-0.036768556, -0.53496146
-0.74582183, -0.3070619
0.46515942, 0.41045272
-0.5188731, -0.24993324
-0.042580485, -0.66951287
-0.12649298, 0.25191867
0.7320564, -0.9779824
0.072684646, 0.035428762
-0.19472861, -0.66266966
-0.06783521, -0.39090967
0.9620507, 0.9885887
0.35257268, -0.58787
-0.2744782, 0.5736772
-0.04239416, -0.26867473
-0.54555416, -0.5934744
0.68756807, -0.7532902
0.7321887, -0.47939003
0.62199557, 0.77776074
-0.7771796, -0.8544562
0.1389432, 0.50565076
-0.3336892, -0.9176439
0.19798315, 0.8817239
0.5029967, -0.9467348
0.07538593, -0.7442733
0.50175834, 0.38783872
0.41807806, -0.3410536
0.8670224, 0.7219491
-0.19118333, 0.37797475
0.67346716, -0.0972693
-0.90415347, 0.20628989
-0.41297555, 0.46687996
0.1396395, 0.34642863
0.04559207, 0.12746346
0.12690914, -0.33034325
-0.83181417, 0.1834656
0.6139766, -0.23154998
0.3187089, 0.9554696
-0.44001484, -0.6632868
-0.44201517, -0.16982472
-0.9760436, 0.7916999
0.16934288, 0.6272688
0.31299746, -0.35049343
-0.560768, -0.5729703
-0.7768667, -0.5465052
0.221735, 0.13983107
-0.19348645, -0.4659915
0.22732317, -0.33557117
-0.3173585, 0.58149564
0.0709033, 0.9569839
0.29656887, -0.9919276
-0.0824759, -0.5153173
0.37969398, 0.95037985
-0.992306, 0.9154526
-0.988821, -0.8437551
-0.23400998, 0.32869148
-0.41144323, -0.9426495
0.84065926, -0.6675428
0.32961714, 0.24932349
0.93861294, 0.13279414
0.93514395, -0.89995944
-0.73376155, -0.5053872
-0.8092041, -0.96149254
0.72468376, -0.384112
0.67989314, 0.523571
-0.39213872, 0.9442098
-0.32313907, 0.068440914
0.68774223, 0.9144951
-0.39040077, 0.84922826
-0.57377064, -0.72221947
-0.70963347, -0.76959884
0.21388316, 0.203534
-0.85260403, 0.40542507
0.49717772, -0.46681738
-0.17182887, 0.7163365
0.31817424, -0.41686976
-0.6689043, -0.9476836
-0.039847255, 0.6652626
-0.047544956, -0.96358657
0.28273296, -0.78312194
-0.8363923, -0.975358
-0.94051003, -0.9035126
0.56903005, -0.1728152
-0.2745993, 0.4745443
-0.4948243, 0.6130717
-0.16769028, 0.8777617
-0.054626822, 0.8044435
-0.96415627, 0.662284
-0.84431124, 0.5625334
-0.6590061, 0.60597587
-0.8644142, -0.5957202
-0.23370206, -0.18398702
0.066334486, 0.7867036
-0.3951553, 0.9186592
-0.27325726, 0.40781462
-0.47292995, -0.011335373
-0.2766186, -0.71895075
-0.7453306, -0.8775617
-0.81913686, -0.8404696
-0.7877071, -0.5203676
-0.33710933, -0.037495017
0.11567235, -0.689167
0.1189971, -0.1339196
-0.030671477, 0.5347799
0.8036759, -0.4279188
0.4181807, -0.81175554
0.7786951, -0.098095655
-0.77440107, -0.812021
0.82684064, -0.25260448
0.14236605, 0.7408247
0.57338226, 0.04993558
-0.70048213, 0.1202116
0.1837449, 0.90532494
-0.8777307, 0.8812394
-0.8080641, -0.8298638
0.6475861, -0.32014728
-0.5197381, -0.32931828
0.96607184, 0.24316764
-9.776354E-4, -0.0844512
0.63760436, 0.5378276
-0.036293745, -0.7549851
-0.40629673, -0.58729243
0.63151896, -0.19498944
-0.11165261, -0.15608501
0.62982666, 0.33034503
0.24950826, 0.057688713
-0.36638868, -0.78637636
-0.32106483, -0.79445267
0.07077694, -0.99415636
-0.7831557, -0.347785
-0.26707792, 0.6565318
-0.2934755, -0.671965
0.60098743, -0.69883037
0.143116, 0.79259586
-0.06770766, 0.11850631
-0.4411589, 0.7352221
0.42638242, 0.11837828
-0.12210429, -0.53785443
-0.023397088, -0.87870455
-0.3315463, 0.6321571
0.66339886, 0.6250254
-0.96658003, -0.973835
-0.04871118, -0.27735186
0.22859251, 0.676442
-0.1322192, -0.7257141
0.095892906, 0.22474146
0.7789651, -0.29462886
-0.42430365, -0.80749977
-0.600863, -0.79638445
0.84766483, -0.020162702
0.2028482, -0.15826261
0.8817694, 0.19308197
0.42576778, 0.92168236
-0.89549935, -0.5555395
-0.5195786, -0.69198895
-0.34998453, 0.46490383
-0.3347206, -0.08599734
0.3287878, 0.39554083
0.45806265, -0.9241873
0.47011018, 0.9303993
0.060022473, 0.0809139
0.54867756, 0.80846465
0.95711184, 0.42149687
-0.23513865, -0.48486936
0.50240695, -0.23277426
-0.8052082, -0.7499528
0.47412753, 0.5716708
-0.15210056, -0.16950369
-0.5463431, -0.44891238
-0.039728522, -0.41195047
0.082843065, -0.057564616
0.5124279, -0.8760588
0.8405925, -0.06967926
0.5965786, 0.43917835
0.12260115, -0.5681205
-0.41604125, 0.15395892
0.9685329, 0.57765996
0.67660844, -0.23617017
0.7678094, -0.21018183
-0.60465693, 0.91475046
0.35443652, 0.93205667
-0.21169174, 0.064673305
-0.10477245, 0.21571088
-0.019697309, -0.5345154
0.36290753, 0.5513984
-0.6338632, -0.24250853
-0.19934154, 0.025156021
-0.06794417, 0.51168025
-0.68128717, 0.87269974
-0.5756556, -0.543471
-0.7361139, -0.5226946
0.33652186, -0.15868735
0.3729707, -0.1909728
0.82518935, 0.15292382
0.22046435, -0.32999945
-0.035018563, 0.23581994
-0.18381202, 0.95811915
0.3968494, -0.43637276
0.87122893, 0.78637993
0.99895644, 0.056267977
-0.24016392, 0.10587013
0.20992732, -0.7104552
-0.5548297, 0.9161669
-0.03953159, -0.652493
-0.8508246, -0.8214545
-0.37190914, 0.84546006
-0.9714309, 0.17679226
0.23372185, 0.008232474
-0.076450706, -0.16919684
-0.6324744, -0.8893703
-0.11693621, 0.9239682
0.5896493, 0.34244156
0.8063878, -0.54770494
0.7315234, -0.7022332
-0.5024166, 0.46827435
0.46265006, 0.13785446
-0.3143251, -0.46617103
0.43066573, 0.149459
0.2538463, -0.09622359
-0.6207628, 0.30944538
0.8366494, 0.054772854
-0.044293404, -0.2551061
0.03238964, -0.5933522
0.9012077, -0.8986887
-0.65797484, -0.16341412
0.33939505, -0.9639058
0.34586012, 0.6762192
0.7213315, 0.85767937
-0.018968344, -0.34693408
0.3251227, 0.03169167
-0.3414364, -0.93216777
0.13745475, -0.54606485
-0.41290748, 0.29610407
0.45441842, 0.4075979
0.43603492, -0.59367096
0.03129518, 0.6211319
0.41497362, -0.23355925
-0.60804355, 0.24775922
-0.8343437, 0.47096074
0.6911055, -0.3974837
-0.58825076, 0.29212165
-0.074118495, -0.39549255
-0.90088284, -0.2930473
-0.6572349, 0.8481895
0.4519508, 0.973055
0.5128983, -0.3831489
-0.21022487, -0.15408576
0.091754794, 0.7840946
-0.42422414, -0.49172807
-0.018289566, -0.96362376
-0.36725724, 0.8067385
0.1288594, -0.9158964
-0.9397458, 0.68319976
0.0650363, 0.18425608
-0.43720973, -0.4994129
-0.48466837, 0.32905436
0.75678086, 0.077456474
0.7995701, -0.40080464
-0.17508078, 0.978009
-0.3613565, 0.45416486
0.5444418, 0.79938066
-0.48510444, 0.9349644
-0.695269, 0.7331966
-0.4821576, 0.96633184
-0.022924542, 0.9617138
-0.87349796, -0.9724928
0.290475, -0.08016527
-0.46208358, 0.5553981
0.24302602, 0.083553076
-0.24530888, 0.47543156
0.73593104, 0.73494947
0.90546787, 0.4285506
-0.58993626, -0.363101
-0.6896938, -0.4359758
-0.8969569, 0.29162157
0.14338255, 0.4645908
0.5939584, 0.5518234
-0.38014615, 0.91175425
-0.3145107, -0.071623445
-0.71992636, 0.11489558
0.16771305, 0.6524849
0.9067285, -0.17043555
0.94913816, -0.90747833
0.039268613, 0.870466
-0.5805247, -0.28307188
-0.9981054, 0.05706978
-0.12739491, 0.68664944
0.2991997, 0.06953895
0.1706649, -0.86320305
0.52651584, 0.27611804
-0.46910834, 0.08198309
-0.6345507, 0.83781445
0.7818657, 0.99880433
-0.5293329, -0.39900863
-0.7626473, 0.8791907
-0.81041145, 0.033430815
-0.29744864, -0.1820029
0.086402416, 0.10585511
0.44400573, 0.9367492
-0.43385506, -0.7886038
-0.7382746, -0.8764372
-0.17990756, -0.6261072
-0.70254326, 0.18889105
0.55331695, 0.8272655
0.7500762, 0.631125
0.12808883, 0.038888812
0.25749052, -0.6603786
0.8882525, -0.832574
-0.9897425, -0.16882253
0.45140874, 0.33885288
0.5076306, -0.35375488
-0.9944078, 0.8234384
0.7304268, 0.48151314
-0.6307224, -0.18739402
0.021745563, 0.6952964
-0.58162713, 0.9204534
-0.57281506, -0.2877972
-0.99199295, -0.55592465
-0.90195835, -0.6742816
-0.31672382, 0.76480377
-0.29242277, -0.7651144
0.15082526, -0.20462227
-0.06845224, 0.6685909
-0.052402973, 0.09345198
-0.18416512, 0.49383283
0.17591739, -0.031407237
-0.6315361, -0.35034108
0.16319919, 0.68804705
0.6990446, 0.5044539
-0.055923104, 0.5974618
0.37051058, 0.24036789
-0.54688656, -0.24107194
-0.1330415, 0.59561193
-0.9359945, -0.50592875
-0.08531737, 0.24506438
-0.17067337, -0.79051626
-0.82533705, 0.3053229
-0.41755724, -0.938089
-0.9364257, -0.5235262
0.4856993, 0.6588626
-0.6771511, -0.7248864
0.07794583, 0.13552463
0.7637119, 0.7985194
-0.7721596, -0.068902135
0.34893584, -0.8534819
-0.61871886, -0.48170292
0.56409144, 0.7050024
0.25215828, 0.61129916
0.6733197, -0.8161051
-0.2979704, 0.1637528
0.8943883, 0.8546128
0.44919813, 0.22463179
-0.631469, -0.3690517
0.8101485, -0.31793332
0.8020692, 0.29719567
-0.3182336, 0.6113895
-0.7648951, -0.34595537
0.10287309, 0.6523169
0.11990285, 0.003150463
0.076232314, 0.151541
-0.0035219193, 0.1336143
-0.11851847, -0.91766167
-0.07986808, 0.7472944
-0.73421013, -0.3652904
-0.53375316, -0.4643675
0.9690883, -0.718138
-0.1911658, 0.40047288
0.73735166, -0.22337556
-0.10536587, -0.37162137
0.9197713, 0.4009546
-0.8762344, -0.75334704
0.9591367, 0.65065825
0.86702895, 0.90537477
-0.4990226, -0.065398574
-0.5787548, 0.07019293
-0.19609165, -0.36685455
-0.89402246, -0.7663944
-0.12470603, 0.60560155
-0.22759318, -0.5525727
-0.066796064, 0.853753
-0.68097866, -0.5331708
0.96431375, -0.78822505
0.33640563, -0.07133484
0.270792, -0.40274632
0.8382933, 0.5469874
0.84645855, -0.7401916
-0.56206036, -0.38884747
0.46898413, -0.3793689
0.21379745, -0.037570477
0.72227335, -0.49310696
0.94870293, -0.019502282
-0.64068604, -0.070478916
0.15081394, -0.6601335
-0.025163531, -0.1073606
0.15716183, 0.8375194
0.7794937, 0.2005744
0.22288775, -0.58232605
-0.8404223, 0.76757884
-0.49169564, 0.6294222
0.88144386, 0.7414055
0.6453743, -0.318632
-0.6230664, 0.81089056
0.6047827, -0.43133557
0.0505836, -0.35263586
-0.93947077, -0.4622209
-0.5870894, -0.42117703
-0.3168676, -0.4501685
-0.0955379, 0.6444527
-0.23635149, 0.0626533
0.2767681, 0.2366035
0.41351712, -0.9357163
-0.51080203, 2.8312206E-4
-0.9092226, 0.077112556
0.3216728, 0.70046043
0.3187163, -0.93570065
0.7550889, -0.15994954
-0.20797396, -0.4083904
-0.9966831, -0.8472904
-0.6321651, -0.9571134
-0.33185995, 0.22207546
-0.86946034, -0.49828386
-0.4868648, 0.69168425
-0.6275178, -0.5276058
-0.09784627, -0.59245265
0.17569363, 0.8282852
0.016891718, -0.26038325
0.697932, -0.81550217
0.95641077, 0.9016769
-0.6999059, -0.23476744
0.036054492, -0.24459183
0.49904335, 0.2760992
-0.24313271, -0.95145285
-0.7565174, 0.33138537
0.62850964, -0.21445
0.20048201, 0.69012284
0.32417953, 0.22952735
0.27265763, 0.5185479
0.45681345, 0.4352895
-0.7369447, -0.25284934
-0.07024121, 0.04519391
-0.05495441, 0.48613966
0.576318, -0.046539426
-0.58726656, 0.59328854
0.31145322, 0.2532804
0.774562, 0.573462
0.8321469, 0.29822648
0.45619607, -0.21839106
0.98334, 0.69025755
0.701926, 0.68385386
0.123138905, -0.7126858
-0.43348587, 0.018971682
0.44950247, 0.92171943
-0.31239486, 0.9407002
-0.5274812, 0.23514128
0.49483418, -0.5130274
0.2195605, -0.053165436
0.9740795, 0.4234593
0.83919287, 0.84057224
-0.45129466, 0.08522749
-0.07589054, -0.075305104
-0.39486384, 0.2625785
-0.089790106, 0.51286197
-0.62505007, -0.55285084
-0.45888555, -0.40452468
-0.35658634, -0.59462833
-0.26593328, -0.1903224
-0.40525222, -0.35716987
0.76970017, 0.836895
-0.8065611, -0.039366364
-0.0138196945, -0.79008484
-0.83913267, -0.88940525
-0.07433736, -0.37345016
0.8159065, 0.18797147
-0.0980134, -0.9446429
0.94174266, -0.45175993
-0.61657727, 0.5732609
0.20997596, 0.91853285
-0.53023064, 0.16904283
0.48436403, 0.24693573
-0.4479674, 0.13566673
0.14386618, -0.5229802
-0.6555401, -0.6054443
0.16770983, 0.6652076
0.64823353, -0.33613944
-0.46994507, 0.0205729
-0.87470603, 0.099254966
-0.96928084, -0.082617044
-0.882542, -0.5200449
-0.7301054, 0.61832047
0.13434649, 0.54581106
-0.55643415, -0.70967305
-0.54594374, -0.6439667
-0.96651936, -0.6339159
0.6396102, 0.9602307
0.4882617, 0.9042543
0.3849212, 0.9530239
0.4941188, 0.36394203
0.5854244, -0.8891157
0.42438376, 0.1978538
0.90607345, 0.05161655
0.7027552, -0.5199518
-0.6753026, 0.26188087
0.9379828, 0.044914484
0.4996606, 0.7364104
0.26625013, -0.5176879
-0.40848935, 0.47545743
0.0064986944, -9.0301037E-4
-0.9907849, 0.087069035
0.7843877, 0.34024692
0.009331226, 0.4118842
0.15977395, -0.5845529
-0.8860948, 0.38533032
0.6040356, -0.7175044
0.7992003, 0.011711121
0.67701924, 0.011698723
0.11790526, 0.3643012
-0.6351224, 0.54124904
-0.96609485, 0.7440096
-0.16814613, -0.190629
-0.14110005, -0.39345777
0.039663672, 0.62297106
0.77828574, -0.53440535
0.6823094, 0.3341142
-0.059868813, 0.84002686
0.21293306, -0.5844476
-0.2375369, 0.3600365
-0.9000542, 0.45671213
0.20328295, -0.41386104
0.1956855, 0.47521484
-0.14607954, 0.91160095
-0.25799692, -0.6793952
-0.6151055, -0.6185528
0.23948705, -0.567809
-0.4739915, 0.41808748
0.49276865, -0.5712552
0.2368778, -0.37492204
0.59201705, -0.38759005
0.7645863, -0.8421416
0.5351125, -0.84794426
-0.95788944, -0.003919363
0.42707443, 0.6931205
0.4111482, -0.9998164
-0.3395958, -0.32628512
-0.5810361, 0.3402635
0.7855809, -0.50641334
0.8099314, -0.015646815
0.68479407, 0.6979321
0.58401525, -0.056449533
0.5801306, -0.15230536
0.8081368, 0.191836
0.9121028, 0.12885594
0.8300868, -0.811007
-0.55584633, 0.91351223
-0.3474635, 0.09709394
0.46833467, -0.635316
-0.1228565, -0.26285636
0.747777, 0.24554515
-0.8676168, -0.49351335
-0.9699104, -0.14598703
0.9664699, 0.5745809
0.455979, -0.5113609
-0.5623236, -0.8189689
-0.02108097, 0.12591577
-0.9060583, 0.54295135
0.6706536, 0.648177
-0.3665191, 0.28760934
0.33593452, -0.3678162
-0.38390684, -0.7090297
0.6767107, -0.45057392
0.39513516, 0.93454325
-0.034257174, 0.4296292
-0.38692355, -0.015593529
-0.8966384, 0.31959248
0.705825, 0.22128546
0.48604882, -0.017707229
0.85549736, 0.56414783
0.415246, 0.5093427
-0.41285872, 0.4683044
-0.92096794, 0.17785561
-0.0024983883, -0.13997161
-0.63592017, 0.8162557
0.61487997, -0.40793502
0.97286856, -0.97049105
0.7063801, 0.44817197
0.2600144, 0.2808721
0.9664824, -0.048657417
0.74653363, 0.47398663
-0.16065264, -0.21781242
-0.0370847, -0.7032894
0.05315745, -0.5850738
0.8082912, 0.17841887
-0.5089569, 0.8336283
0.34728253, 0.8088229
-0.59113693, 0.8871039
-0.5919639, -0.66688085
0.76069236, -0.75529504
-0.33944702, 0.6711651
-0.56002975, 0.07614672
0.36592364, 0.034370065
-0.57424486, -0.1736759
0.67303765, -0.70873725
-0.11643064, -0.09766579
0.3344872, -0.9492755
0.35928273, -0.8729049
0.8087646, 0.41135275
-0.620978, -0.38410103
0.85870755, -0.4817047
0.49109244, 0.75403464
-0.4499867, -0.84161305
-0.5734998, -0.56841063
-0.24173307, 0.42495596
-0.61174047, 0.14326823
-0.6756588, 0.3409859
-0.81210315, -0.71462
-0.5715176, -0.37966907
0.118319035, -0.44088638
-0.18858051, -0.62036586
0.079630494, -0.8198103
0.5411818, -0.4720943
0.95895755, 0.24250245
0.14801085, 0.22711205
0.91351056, 0.51129127
0.3240503, -0.26245904
0.73086953, 0.8347806
0.8629378, -0.83063865
-0.53903353, 0.7484281
-0.89326, -0.7788745
-0.9441619, -0.52950025
-0.46009612, 0.4926859
0.74758697, -0.099520445
-0.8556968, -0.9589386
-0.32000256, -0.7371024
-0.81545186, -0.33860886
0.12905765, 0.29984593
-0.13672781, 0.11072123
0.15261781, -0.7016641
0.06312883, -0.12933016
0.25622034, -0.5824492
-0.37702262, -0.18202484
0.6136503, -0.2889527
0.38374436, 0.6227436
-0.59387386, 0.6563885
-0.15554082, 0.13733673
0.21865618, -0.07287979
0.607021, 0.3199749
0.33758724, -0.6317296
0.9315952, 0.23323071
